True
1
0	13	13	13	8	8	
0	6	6	0	0	0	
0	0	0	1	1	0	
0	0	9	0	16	14	
11	11	9	12	16	14	
0	0	0	12	16	14	


True
1
0	7	0	3	0	0	
0	7	0	3	0	0	
0	0	0	1	1	0	
0	11	11	9	5	5	
0	0	0	9	8	8	
0	0	0	0	0	0	


True
6
0	15	15	15	0	0	
7	16	16	16	4	14	
7	0	1	1	4	14	
0	11	0	0	0	14	
0	11	0	0	0	0	
0	5	5	0	9	9	


True
2
0	0	0	0	0	0	
0	14	0	0	0	0	
3	14	1	1	0	0	
3	14	0	0	0	0	
0	0	0	9	9	0	
0	12	12	0	0	0	


True
4
0	0	0	0	9	0	
13	13	13	0	9	0	
11	0	1	1	0	7	
11	0	14	14	14	7	
4	4	0	0	6	0	
10	10	0	0	6	0	


True
8
15	15	15	16	16	16	
8	13	0	0	0	3	
8	13	7	1	1	3	
0	13	7	4	12	12	
11	10	10	4	0	0	
11	0	0	5	5	0	


True
2
12	12	0	0	0	0	
0	5	7	7	0	0	
0	5	1	1	0	0	
9	0	2	2	0	10	
9	0	0	4	0	10	
0	0	0	4	0	0	


True
2
0	0	0	6	6	0	
0	0	13	13	13	0	
0	0	1	1	0	0	
0	3	8	0	0	16	
0	3	8	0	0	16	
0	0	14	14	14	16	


True
6
8	4	0	0	0	0	
8	4	13	13	13	0	
6	11	1	1	2	0	
6	11	10	10	2	0	
0	0	16	16	16	12	
14	14	14	0	0	12	


True
12
0	0	0	0	0	0	
0	0	14	14	14	4	
1	1	2	12	0	4	
0	0	2	12	0	0	
8	8	7	7	0	0	
0	0	0	0	0	0	


True
3
0	0	0	4	4	0	
0	0	0	0	0	12	
2	2	1	1	0	12	
0	0	0	6	6	0	
0	0	13	13	13	3	
14	14	14	0	0	3	


True
21
0	15	15	15	0	5	
0	0	3	0	0	5	
1	1	3	0	13	2	
6	6	0	0	13	2	
0	0	10	0	13	0	
9	9	10	0	0	0	


True
2
9	0	5	0	0	0	
9	0	5	0	11	11	
12	12	1	1	0	0	
0	16	0	0	8	0	
0	16	0	0	8	0	
0	16	0	0	6	6	


True
4
0	3	3	0	0	0	
8	6	0	5	5	0	
8	6	1	1	0	13	
2	2	0	0	0	13	
0	0	0	0	0	13	
9	9	11	11	0	0	


True
14
0	0	11	15	0	0	
0	0	11	15	3	3	
1	1	0	15	0	0	
0	0	0	10	10	0	
16	16	16	0	6	6	
0	0	0	7	7	0	


True
1
4	4	10	10	0	0	
0	9	9	7	7	0	
0	0	0	1	1	0	
0	0	13	5	5	0	
8	0	13	3	0	0	
8	0	13	3	0	0	


True
7
15	15	15	0	0	8	
0	14	14	14	2	8	
1	1	0	0	2	0	
5	5	0	0	0	0	
0	0	16	16	16	0	
0	0	0	0	0	0	


True
5
0	0	7	7	8	8	
0	0	0	0	9	9	
1	1	3	0	0	0	
0	0	3	2	0	0	
0	0	0	2	0	0	
0	0	0	0	10	10	


True
3
14	14	14	0	3	0	
0	9	6	6	3	12	
0	9	1	1	0	12	
0	0	5	0	0	0	
0	7	5	16	16	16	
0	7	15	15	15	0	


True
1
0	0	14	0	0	0	
12	12	14	0	9	9	
0	0	14	1	1	0	
0	0	0	0	0	13	
4	0	0	5	0	13	
4	11	11	5	0	13	


True
2
0	0	0	16	16	16	
0	9	0	0	0	0	
0	9	1	1	0	0	
0	14	8	0	13	0	
0	14	8	0	13	0	
0	14	3	3	13	0	


True
3
4	4	0	12	12	0	
0	0	11	11	0	8	
0	0	1	1	0	8	
0	15	15	15	0	0	
0	0	5	9	9	0	
2	2	5	0	0	0	


True
2
0	10	0	3	3	0	
0	10	0	4	4	0	
0	0	1	1	0	0	
16	0	0	0	2	0	
16	8	8	0	2	7	
16	11	11	0	0	7	


True
2
8	8	0	4	6	0	
0	0	0	4	6	0	
0	12	1	1	0	0	
0	12	0	0	11	0	
0	0	0	0	11	5	
0	0	0	0	0	5	


True
3
0	0	0	14	14	14	
0	15	7	7	0	0	
2	15	1	1	0	4	
2	15	16	16	16	4	
0	0	11	0	8	0	
0	0	11	0	8	0	


True
1
0	0	10	10	0	0	
0	0	0	0	0	0	
8	3	3	1	1	0	
8	0	0	4	4	0	
0	0	0	2	2	0	
0	9	9	0	0	0	


True
13
0	3	3	0	7	7	
0	0	10	10	0	0	
4	4	1	1	0	9	
0	8	8	0	0	9	
2	2	0	5	5	11	
0	0	0	0	0	11	


True
1
9	0	0	2	2	0	
9	0	0	0	0	0	
5	5	0	1	1	0	
0	0	8	8	7	7	
0	0	0	3	0	6	
16	16	16	3	0	6	


True
2
0	4	2	2	7	7	
15	4	0	0	0	0	
15	0	1	1	0	0	
15	0	0	12	12	0	
0	0	0	0	8	8	
0	0	0	0	11	11	


True
10
0	0	8	8	0	0	
0	0	3	0	0	0	
1	1	3	0	0	0	
13	13	13	0	7	7	
0	11	11	4	4	0	
0	0	2	2	0	0	


True
4
0	0	0	7	7	0	
0	0	0	10	10	0	
13	0	1	1	0	14	
13	0	0	0	0	14	
13	2	2	0	9	14	
0	0	0	0	9	0	


True
7
0	0	0	0	0	16	
0	12	12	0	0	16	
0	0	1	1	0	16	
3	3	0	7	0	0	
10	4	4	7	0	0	
10	14	14	14	0	0	


True
6
0	0	12	12	0	0	
6	6	0	0	0	0	
1	1	0	0	0	4	
0	0	9	0	0	4	
0	0	9	0	3	2	
15	15	15	0	3	2	


True
3
0	0	0	0	0	0	
9	12	0	10	10	0	
9	12	1	1	4	0	
13	11	0	0	4	0	
13	11	0	0	0	8	
13	6	6	0	0	8	


True
2
0	0	0	9	9	0	
0	0	0	0	0	0	
3	3	1	1	0	0	
10	0	0	0	0	0	
10	0	0	0	12	12	
0	0	0	0	0	0	


True
11
2	2	9	0	0	13	
10	10	9	0	0	13	
1	1	0	11	0	13	
0	4	4	11	14	0	
0	0	0	0	14	0	
0	0	0	0	14	0	


True
6
0	0	0	15	15	15	
0	0	0	0	0	11	
1	1	0	0	0	11	
12	12	10	10	2	2	
0	5	5	3	0	0	
0	0	0	3	0	0	


True
2
0	16	16	16	0	0	
0	0	0	0	10	10	
3	13	1	1	0	0	
3	13	0	0	0	0	
0	13	0	14	14	14	
0	0	5	5	0	0	


True
6
10	14	14	14	12	0	
10	0	0	0	12	0	
0	0	1	1	0	3	
0	7	0	0	0	3	
0	7	0	0	8	8	
6	6	0	13	13	13	


True
2
0	0	0	0	8	8	
11	0	0	0	0	0	
11	0	1	1	0	0	
0	2	2	13	13	13	
0	0	0	4	4	0	
10	10	14	14	14	0	


True
5
0	0	0	0	0	2	
0	5	5	0	0	2	
0	13	1	1	8	0	
0	13	11	0	8	15	
0	13	11	0	0	15	
0	0	0	0	0	15	


True
2
0	0	0	16	16	16	
0	2	2	0	0	0	
14	0	1	1	0	0	
14	10	5	5	13	0	
14	10	4	4	13	0	
0	0	0	0	13	0	


True
1
9	9	0	12	12	0	
0	13	11	11	0	0	
0	13	0	1	1	0	
3	13	7	7	0	0	
3	2	2	0	0	0	
0	0	0	0	0	0	


True
2
7	14	0	2	0	0	
7	14	0	2	0	0	
0	14	1	1	0	0	
0	0	0	8	8	0	
0	10	0	0	3	3	
0	10	0	0	0	0	


True
2
0	15	8	8	0	0	
0	15	0	13	13	13	
0	15	1	1	0	0	
5	5	12	12	0	0	
4	3	0	0	0	7	
4	3	2	2	0	7	


True
5
0	0	5	5	0	16	
0	0	6	6	0	16	
0	9	9	1	1	16	
0	0	0	0	0	0	
7	0	15	15	15	0	
7	0	0	0	2	2	


True
11
9	9	0	0	0	3	
0	0	6	12	8	3	
1	1	6	12	8	0	
0	14	14	14	0	13	
4	7	0	0	10	13	
4	7	0	0	10	13	


True
7
0	14	14	14	0	0	
0	9	9	13	13	13	
1	1	0	3	0	0	
0	8	8	3	0	0	
5	0	11	0	0	0	
5	0	11	0	0	0	


True
1
0	0	0	0	0	0	
0	0	9	9	0	0	
0	12	12	1	1	0	
2	6	6	0	4	4	
2	8	8	0	0	0	
0	16	16	16	0	0	


True
3
0	15	0	0	11	11	
9	15	0	0	0	0	
9	15	1	1	8	0	
0	12	6	6	8	4	
0	12	0	2	0	4	
0	0	0	2	0	0	


True
6
0	0	0	0	0	0	
13	13	13	12	12	7	
1	1	0	0	14	7	
0	0	0	9	14	0	
0	0	0	9	14	6	
0	3	3	0	0	6	


True
23
0	0	0	0	0	0	
0	14	14	14	0	11	
0	0	1	1	13	11	
9	0	4	4	13	0	
9	0	0	12	13	0	
0	7	7	12	3	3	


True
5
15	0	2	2	0	0	
15	6	6	0	9	0	
15	0	1	1	9	7	
0	0	0	0	0	7	
0	4	12	0	0	0	
0	4	12	0	5	5	


True
24
6	6	16	0	12	12	
0	0	16	3	0	7	
1	1	16	3	0	7	
2	2	0	0	0	0	
0	0	0	9	0	0	
0	5	5	9	0	0	


True
3
7	7	0	0	10	10	
0	0	12	12	0	0	
13	0	1	1	6	0	
13	0	0	0	6	0	
13	0	0	3	0	0	
0	0	0	3	0	0	


True
4
16	16	16	0	8	12	
0	0	0	0	8	12	
7	7	0	1	1	13	
10	10	0	4	4	13	
0	0	14	14	14	13	
0	0	0	0	11	11	


True
1
0	0	0	0	0	0	
0	3	3	0	0	0	
0	13	4	1	1	0	
15	13	4	11	11	14	
15	13	8	0	0	14	
15	0	8	0	0	14	


True
11
0	2	2	5	5	0	
12	0	0	0	7	0	
12	0	1	1	7	0	
0	0	9	9	3	0	
0	0	0	0	3	8	
0	14	14	14	0	8	


True
8
13	13	13	6	0	0	
0	0	4	6	0	2	
1	1	4	16	0	2	
0	0	0	16	0	0	
7	7	0	16	0	0	
0	0	0	0	0	0	


True
4
3	3	0	5	5	0	
0	0	16	16	16	0	
0	0	1	1	10	0	
0	0	0	14	10	0	
13	13	13	14	0	8	
9	9	0	14	0	8	


True
1
0	0	0	0	0	0	
0	0	0	11	11	0	
7	8	8	1	1	0	
7	2	3	3	5	0	
0	2	0	0	5	12	
0	0	15	15	15	12	


True
5
0	0	0	3	3	0	
4	11	0	0	9	0	
4	11	1	1	9	6	
14	0	0	0	0	6	
14	0	2	2	0	0	
14	0	0	0	0	0	


True
3
7	0	0	0	0	0	
7	6	6	0	3	3	
0	0	1	1	0	4	
8	8	14	0	16	4	
0	0	14	0	16	0	
0	0	14	0	16	0	


True
6
0	0	0	0	0	0	
2	0	0	0	9	15	
2	0	1	1	9	15	
14	14	14	6	0	15	
0	0	0	6	0	0	
13	13	13	0	4	4	


True
3
0	0	0	10	10	0	
0	8	8	0	0	0	
0	0	0	1	1	16	
0	6	5	5	0	16	
9	6	0	3	3	16	
9	0	0	0	0	0	


True
6
10	0	12	12	6	0	
10	3	3	0	6	15	
0	0	1	1	0	15	
0	2	0	0	0	15	
0	2	0	0	0	0	
0	0	0	0	0	0	


True
5
4	12	14	14	14	0	
4	12	0	0	0	0	
0	0	1	1	7	16	
13	0	0	0	7	16	
13	5	11	0	0	16	
13	5	11	0	0	0	


True
2
0	2	2	14	14	14	
13	0	0	0	0	0	
13	0	1	1	0	0	
13	16	16	16	0	0	
3	0	10	0	7	0	
3	0	10	0	7	0	


True
3
0	0	6	0	0	3	
11	0	6	0	0	3	
11	0	1	1	0	0	
5	5	13	13	13	7	
0	14	14	14	0	7	
0	0	16	16	16	0	


True
1
0	8	3	7	0	0	
0	8	3	7	0	0	
0	15	0	1	1	0	
0	15	0	0	12	12	
0	15	10	0	0	5	
0	0	10	0	0	5	


True
4
0	13	13	13	0	8	
0	7	7	6	6	8	
1	1	0	0	0	0	
9	9	5	0	14	2	
0	0	5	0	14	2	
11	11	0	0	14	0	


True
4
14	0	12	0	7	7	
14	3	12	0	0	6	
14	3	0	1	1	6	
0	13	0	0	9	0	
0	13	0	0	9	0	
0	13	0	0	0	0	


True
17
0	0	4	4	16	11	
0	0	0	15	16	11	
1	1	0	15	16	14	
0	0	0	15	0	14	
0	6	0	0	0	14	
0	6	0	0	0	0	


True
8
0	2	2	12	12	0	
0	9	9	0	0	0	
1	1	0	0	0	3	
0	11	8	5	5	3	
10	11	8	0	0	0	
10	0	0	0	0	0	


True
10
0	8	8	12	0	0	
0	0	0	12	0	0	
1	1	0	11	0	0	
0	0	0	11	0	15	
0	0	9	9	0	15	
0	4	4	0	0	15	


True
2
9	9	0	0	0	7	
13	13	13	11	11	7	
0	0	1	1	0	0	
0	0	15	0	0	0	
0	0	15	0	10	10	
0	0	15	0	6	6	


True
6
0	0	0	7	7	4	
0	0	3	3	0	4	
1	1	0	0	0	0	
9	9	10	10	2	11	
0	0	8	0	2	11	
5	5	8	0	0	0	


True
2
0	0	0	10	0	0	
0	0	15	10	0	9	
5	11	15	1	1	9	
5	11	15	0	0	0	
14	14	14	4	0	0	
0	8	8	4	0	0	


True
3
0	4	4	0	0	0	
0	0	0	0	0	6	
0	0	1	1	0	6	
0	0	13	0	0	0	
0	8	13	0	0	0	
0	8	13	14	14	14	


True
10
0	10	0	0	0	0	
0	10	12	12	0	16	
7	7	0	1	1	16	
0	0	0	8	8	16	
3	0	0	11	0	0	
3	0	0	11	4	4	


True
1
0	6	6	0	0	0	
0	0	11	11	0	0	
0	0	0	1	1	0	
5	5	9	0	0	0	
0	0	9	0	7	4	
0	0	2	2	7	4	


True
25
7	0	0	0	14	0	
7	9	0	0	14	0	
0	9	1	1	14	0	
0	8	8	4	4	0	
6	0	0	0	0	10	
6	0	0	0	0	10	


True
7
0	6	0	0	10	0	
0	6	12	0	10	4	
1	1	12	0	8	4	
0	0	7	11	8	14	
0	0	7	11	0	14	
0	0	0	0	0	14	


True
8
0	3	0	0	0	0	
0	3	6	4	0	0	
1	1	6	4	0	7	
12	12	0	0	10	7	
14	14	14	0	10	0	
0	0	8	8	9	9	


True
1
0	0	7	7	0	5	
0	8	8	0	0	5	
14	14	14	1	1	0	
0	11	11	13	9	15	
6	0	0	13	9	15	
6	0	0	13	0	15	


True
1
0	7	0	0	0	0	
11	7	0	0	0	0	
11	0	0	1	1	0	
0	9	9	15	15	15	
0	0	0	3	3	4	
14	14	14	0	0	4	


True
2
11	11	0	0	12	12	
0	16	16	16	0	0	
0	0	1	1	0	0	
0	0	0	0	0	0	
10	6	6	5	2	2	
10	0	0	5	0	0	


True
8
6	0	0	0	7	7	
6	0	0	0	2	0	
3	3	1	1	2	0	
11	11	0	0	0	0	
13	13	13	0	4	8	
0	0	0	0	4	8	


True
11
4	4	0	12	0	0	
0	2	0	12	0	16	
0	2	1	1	13	16	
5	0	8	0	13	16	
5	0	8	0	13	0	
0	0	0	0	6	6	


True
1
5	4	4	0	0	0	
5	8	0	6	6	0	
0	8	0	1	1	0	
0	0	0	0	0	14	
0	0	0	9	9	14	
15	15	15	11	11	14	


True
1
15	16	0	9	4	4	
15	16	0	9	0	0	
15	16	0	1	1	0	
8	0	0	0	0	0	
8	0	10	10	0	5	
0	13	13	13	0	5	


True
1
0	9	9	0	0	0	
16	16	16	0	0	0	
0	2	0	1	1	0	
0	2	0	0	0	11	
12	3	0	7	7	11	
12	3	4	4	0	0	


True
2
0	0	0	6	6	0	
15	0	0	0	8	8	
15	0	1	1	0	0	
15	0	0	0	4	4	
7	0	0	0	0	0	
7	14	14	14	0	0	


True
3
0	0	11	11	0	0	
2	2	8	8	0	4	
0	0	1	1	0	4	
9	0	7	7	0	0	
9	12	12	0	3	0	
5	5	0	0	3	0	


True
8
0	0	0	15	15	15	
0	0	11	11	0	4	
1	1	0	0	0	4	
0	14	8	0	16	0	
0	14	8	6	16	0	
0	14	0	6	16	0	


True
3
0	0	0	0	0	6	
0	0	0	0	7	6	
0	0	1	1	7	0	
3	3	0	0	2	2	
0	0	4	0	5	5	
0	0	4	12	12	0	


True
2
15	0	14	14	14	0	
15	0	0	0	12	12	
15	0	1	1	0	0	
0	2	0	0	0	0	
0	2	0	16	16	16	
0	0	0	0	3	3	


True
8
0	0	3	0	0	0	
12	0	3	8	8	16	
12	0	0	1	1	16	
13	13	13	0	11	16	
0	0	0	5	11	0	
0	0	0	5	4	4	


True
12
0	0	0	0	16	0	
7	7	0	0	16	0	
1	1	0	0	16	0	
0	13	9	0	0	0	
0	13	9	0	0	0	
0	13	0	6	6	0	


True
2
0	7	7	0	0	0	
0	6	0	16	16	16	
0	6	1	1	0	0	
12	12	0	15	15	15	
0	0	0	0	0	0	
0	4	4	0	0	0	


True
2
0	3	3	12	12	0	
0	0	0	0	0	0	
5	5	0	1	1	8	
0	7	11	9	0	8	
0	7	11	9	0	0	
15	15	15	0	0	0	


True
1
0	15	15	15	0	0	
0	0	0	0	0	0	
7	10	0	1	1	0	
7	10	0	0	2	0	
5	0	12	12	2	0	
5	0	0	3	3	0	


True
5
0	0	6	0	0	0	
2	2	6	0	0	5	
1	1	0	0	0	5	
0	0	0	0	0	0	
0	0	0	10	0	0	
0	0	0	10	12	12	


True
11
12	5	5	0	0	0	
12	0	0	0	0	14	
0	0	1	1	7	14	
2	2	0	0	7	14	
0	0	16	16	16	0	
0	0	3	3	6	6	


True
8
11	6	6	0	0	0	
11	0	0	0	8	8	
1	1	9	3	0	0	
4	0	9	3	7	7	
4	0	0	16	16	16	
0	0	2	2	0	0	


True
6
0	2	2	0	0	0	
0	11	11	0	0	13	
0	0	1	1	0	13	
7	14	14	14	5	13	
7	0	0	0	5	0	
9	9	0	15	15	15	


True
1
2	2	10	10	0	0	
0	0	16	16	16	0	
0	3	3	1	1	0	
0	12	0	0	0	0	
0	12	0	14	14	14	
5	5	4	4	0	0	


True
5
8	0	4	0	0	0	
8	0	4	0	6	0	
0	0	1	1	6	2	
13	13	13	0	0	2	
0	0	0	7	7	0	
0	0	15	15	15	0	


True
1
0	0	9	0	0	0	
0	0	9	7	7	0	
0	0	0	1	1	0	
15	0	6	12	12	0	
15	0	6	4	4	10	
15	0	13	13	13	10	


True
1
0	0	0	0	0	0	
0	3	0	0	0	0	
0	3	0	1	1	0	
8	12	0	2	10	10	
8	12	0	2	11	0	
0	0	0	0	11	0	


True
6
0	0	15	15	15	0	
16	16	16	0	0	0	
1	1	0	0	3	0	
0	0	0	0	3	0	
0	6	12	12	0	0	
0	6	0	7	7	0	


True
6
0	0	2	12	12	0	
11	11	2	8	8	0	
1	1	0	15	0	0	
16	7	7	15	0	0	
16	0	0	15	9	0	
16	0	0	0	9	0	


True
4
0	0	10	7	0	0	
2	8	10	7	0	0	
2	8	1	1	0	5	
15	15	15	0	0	5	
0	0	12	16	16	16	
0	0	12	9	9	0	


True
11
0	14	14	14	4	4	
7	7	0	0	9	13	
1	1	0	0	9	13	
0	0	0	0	0	13	
10	10	0	0	8	8	
0	3	3	0	6	6	


True
3
3	0	12	12	6	0	
3	0	0	0	6	10	
2	2	1	1	0	10	
0	0	0	7	8	8	
9	0	0	7	11	0	
9	0	0	0	11	0	


True
2
0	0	8	8	0	0	
0	15	15	15	0	9	
16	16	16	1	1	9	
0	0	0	10	12	13	
4	4	11	10	12	13	
0	0	11	0	0	13	


True
10
0	0	0	0	13	7	
5	5	9	9	13	7	
0	0	1	1	13	0	
0	0	0	11	11	0	
2	2	0	0	0	0	
0	0	0	8	8	0	


True
3
8	8	0	0	0	0	
4	4	0	0	12	0	
0	0	1	1	12	0	
10	10	0	14	14	14	
0	0	11	11	0	9	
15	15	15	5	5	9	


True
18
0	0	0	0	16	0	
0	0	2	2	16	0	
0	0	1	1	16	13	
11	0	0	6	6	13	
11	0	0	7	7	13	
0	5	5	0	0	0	


True
1
0	0	0	0	0	0	
0	0	0	0	0	0	
0	10	0	1	1	0	
4	10	7	7	0	0	
4	2	2	11	11	9	
0	3	3	12	12	9	


True
2
8	8	13	13	13	0	
0	0	0	0	0	0	
3	3	1	1	0	0	
7	7	0	4	4	12	
6	0	0	9	9	12	
6	0	0	2	2	0	


True
1
11	0	0	8	0	0	
11	5	0	8	0	0	
0	5	0	1	1	0	
0	0	0	10	9	9	
0	0	0	10	0	2	
15	15	15	0	0	2	


True
1
5	5	0	0	10	0	
0	0	0	0	10	0	
0	0	0	1	1	0	
6	12	12	14	14	14	
6	2	0	0	0	0	
0	2	4	4	0	0	


True
4
0	7	10	10	0	0	
0	7	0	0	0	0	
1	1	0	0	0	0	
0	0	0	4	0	9	
0	0	5	4	0	9	
0	0	5	8	8	0	


True
2
0	0	0	0	8	8	
0	0	0	9	9	0	
0	4	4	1	1	7	
0	0	0	0	2	7	
0	10	10	12	2	0	
0	0	0	12	0	0	


True
6
0	0	0	3	3	0	
0	15	0	0	11	8	
0	15	1	1	11	8	
0	15	0	0	2	2	
0	13	13	13	0	0	
0	14	14	14	0	0	


True
9
14	14	14	0	0	0	
7	7	2	0	0	0	
1	1	2	0	0	0	
16	0	0	13	13	13	
16	4	0	0	0	0	
16	4	0	0	9	9	


True
14
0	0	11	11	0	0	
0	0	3	6	6	0	
1	1	3	0	10	5	
16	0	0	8	10	5	
16	0	0	8	0	0	
16	13	13	13	0	0	


True
2
0	0	0	0	10	10	
5	5	0	0	0	0	
9	7	0	1	1	3	
9	7	13	13	13	3	
14	14	14	0	0	0	
0	6	6	0	0	0	


True
3
0	0	0	10	0	0	
13	13	13	10	3	0	
0	0	1	1	3	0	
0	2	2	4	4	0	
6	0	0	0	0	0	
6	5	5	8	8	0	


True
18
11	11	0	0	0	8	
0	0	0	0	0	8	
1	1	0	15	0	0	
0	0	2	15	12	12	
0	0	2	15	0	0	
10	10	3	3	0	0	


True
2
16	16	16	0	8	8	
15	15	15	0	0	0	
0	0	1	1	0	0	
0	10	0	3	3	0	
5	10	11	0	0	0	
5	0	11	0	0	0	


True
10
3	3	0	0	0	15	
0	0	11	11	0	15	
8	8	10	1	1	15	
0	0	10	7	7	0	
0	5	5	0	0	0	
13	13	13	9	9	0	


True
2
4	4	0	0	0	0	
5	5	14	14	14	2	
0	11	11	1	1	2	
0	16	0	0	0	0	
0	16	3	0	0	0	
0	16	3	0	8	8	


True
10
0	0	13	13	13	16	
0	14	3	3	0	16	
0	14	1	1	6	16	
0	14	0	0	6	0	
0	0	0	0	7	7	
0	0	0	0	0	0	


True
6
11	0	0	7	0	9	
11	0	0	7	4	9	
1	1	0	0	4	0	
0	0	2	0	12	0	
0	0	2	0	12	10	
8	8	0	0	0	10	


True
1
0	0	0	0	0	0	
0	0	13	10	10	0	
0	0	13	1	1	0	
0	0	13	0	0	0	
3	0	0	0	12	12	
3	0	9	9	0	0	


True
1
13	5	5	0	0	10	
13	0	0	0	0	10	
13	0	2	1	1	0	
0	0	2	0	0	0	
0	0	9	9	0	0	
0	0	0	0	0	0	


True
12
11	0	0	0	0	0	
11	7	7	0	3	0	
1	1	0	0	3	0	
5	13	13	13	0	0	
5	14	14	14	0	10	
0	4	4	0	0	10	


True
3
8	8	0	0	0	3	
14	14	14	0	0	3	
0	0	1	1	0	11	
9	0	0	0	0	11	
9	2	0	0	0	0	
0	2	0	16	16	16	


True
3
15	15	15	0	0	0	
0	0	0	0	0	4	
0	0	1	1	0	4	
0	0	0	0	9	0	
0	8	8	0	9	0	
0	0	0	0	0	0	


True
11
0	0	0	14	14	14	
0	0	0	0	3	0	
0	0	1	1	3	0	
13	13	13	12	0	0	
0	0	0	12	7	7	
0	0	0	0	5	5	


True
11
0	0	0	6	0	0	
0	0	0	6	15	0	
1	1	0	0	15	0	
14	0	7	8	15	0	
14	4	7	8	0	0	
14	4	13	13	13	0	


True
1
2	0	0	0	0	0	
2	0	16	6	6	0	
7	7	16	1	1	0	
0	0	16	0	13	4	
0	0	9	9	13	4	
0	0	0	0	13	0	


True
4
0	0	0	7	0	0	
0	0	0	7	0	0	
0	0	1	1	14	0	
12	8	6	6	14	10	
12	8	0	0	14	10	
0	0	0	0	0	0	


True
1
10	10	14	0	0	0	
7	0	14	0	0	0	
7	0	14	1	1	0	
13	13	13	5	3	11	
4	0	0	5	3	11	
4	0	0	0	0	0	


True
4
0	0	3	3	5	5	
0	0	0	0	0	0	
0	0	1	1	15	12	
0	13	0	0	15	12	
0	13	11	11	15	0	
0	13	0	0	0	0	


True
4
10	0	5	0	7	0	
10	0	5	0	7	0	
0	0	1	1	16	0	
13	13	13	6	16	0	
0	9	9	6	16	0	
0	0	0	11	11	0	


True
2
0	11	11	0	0	0	
0	0	0	0	0	0	
14	2	2	1	1	16	
14	0	0	8	8	16	
14	3	3	0	0	16	
0	0	0	0	0	0	


True
2
0	0	0	2	2	0	
0	0	0	0	0	0	
0	0	1	1	0	0	
0	16	16	16	0	0	
0	0	15	15	15	0	
0	4	4	0	0	0	


True
3
0	0	0	0	3	3	
6	6	0	0	12	12	
0	0	1	1	0	11	
9	9	0	0	0	11	
0	2	0	0	10	0	
0	2	0	0	10	0	


True
1
6	6	0	4	0	0	
16	0	0	4	11	11	
16	3	0	1	1	0	
16	3	9	9	2	0	
0	0	10	10	2	0	
0	0	0	0	0	0	


True
7
0	13	13	13	4	4	
3	3	0	0	6	6	
1	1	15	0	0	0	
0	0	15	12	12	8	
0	0	15	0	0	8	
0	0	0	0	0	0	


True
6
8	5	0	0	0	4	
8	5	0	0	14	4	
3	3	1	1	14	0	
16	16	16	0	14	12	
0	0	0	0	0	12	
0	2	2	0	0	0	


True
2
5	0	0	12	12	0	
5	15	15	15	0	0	
0	0	1	1	0	0	
3	3	0	0	8	8	
0	0	7	0	0	0	
0	0	7	0	0	0	


True
3
0	0	0	0	6	0	
0	16	0	0	6	10	
0	16	1	1	0	10	
0	16	0	0	0	0	
0	0	0	8	8	0	
0	0	0	0	0	0	


True
1
0	0	8	8	0	0	
9	9	12	13	13	13	
0	0	12	1	1	0	
5	6	6	10	0	0	
5	11	11	10	4	4	
0	0	0	0	0	0	


True
2
0	10	0	0	0	0	
0	10	0	14	14	14	
0	0	1	1	0	0	
5	0	0	6	3	3	
5	0	0	6	0	0	
0	0	0	0	0	0	


True
1
0	7	7	0	0	0	
0	0	0	0	0	0	
0	11	11	1	1	0	
10	10	4	0	0	0	
0	2	4	0	0	0	
0	2	12	12	8	8	


True
6
0	0	0	11	11	6	
12	12	7	7	0	6	
1	1	10	0	0	3	
0	0	10	0	0	3	
0	0	0	0	0	0	
16	16	16	13	13	13	


True
15
0	0	0	0	0	0	
0	0	0	14	12	0	
1	1	0	14	12	0	
0	10	10	14	0	11	
0	0	5	5	0	11	
0	0	0	0	0	0	


True
2
0	4	4	0	7	7	
0	9	9	0	0	0	
0	12	12	1	1	2	
8	15	15	15	0	2	
8	0	0	0	10	0	
0	16	16	16	10	0	


True
1
2	0	10	7	7	5	
2	0	10	0	0	5	
12	0	0	1	1	0	
12	13	14	0	0	4	
0	13	14	0	8	4	
0	13	14	0	8	0	


True
2
0	0	0	0	0	0	
13	15	15	15	0	0	
13	2	1	1	0	0	
13	2	0	16	16	16	
0	0	4	3	0	11	
9	9	4	3	0	11	


True
1
0	0	0	7	0	0	
0	0	16	7	0	0	
0	0	16	1	1	0	
5	10	16	11	11	0	
5	10	13	13	13	2	
0	9	9	4	4	2	


True
23
0	0	0	0	12	12	
15	15	15	0	0	0	
1	1	4	0	0	0	
0	0	4	2	2	0	
11	6	6	8	0	0	
11	5	5	8	3	3	


True
9
9	4	0	0	0	16	
9	4	0	0	7	16	
0	0	1	1	7	16	
2	2	0	3	3	0	
0	0	6	11	11	0	
0	0	6	0	0	0	


True
3
0	0	0	0	5	5	
13	0	3	3	0	0	
13	0	1	1	0	0	
13	0	0	6	0	0	
0	0	0	6	0	10	
0	0	0	0	0	10	


True
7
0	12	5	5	0	0	
0	12	0	0	0	0	
1	1	0	9	0	0	
7	0	3	9	8	8	
7	11	3	0	0	0	
0	11	0	2	2	0	


True
2
0	7	7	12	12	0	
0	15	0	0	0	0	
0	15	1	1	0	0	
0	15	0	16	16	16	
4	4	14	14	14	9	
0	2	2	0	0	9	


True
3
7	0	4	0	3	0	
7	0	4	0	3	10	
0	14	1	1	0	10	
0	14	0	15	15	15	
0	14	9	0	8	8	
0	0	9	0	0	0	


True
15
3	3	8	8	12	0	
0	0	14	15	12	0	
1	1	14	15	0	0	
0	0	14	15	0	0	
4	4	6	6	0	0	
0	0	0	10	10	0	


True
2
6	6	0	0	0	0	
9	7	0	11	11	0	
9	7	5	1	1	15	
0	0	5	13	0	15	
4	0	0	13	0	15	
4	8	8	13	0	0	


True
4
0	0	0	0	0	0	
8	8	0	9	9	6	
4	4	1	1	3	6	
7	0	10	10	3	0	
7	0	0	0	0	0	
0	0	0	0	0	0	


True
12
0	12	12	0	13	0	
11	0	3	3	13	0	
11	0	1	1	13	0	
0	14	6	4	0	2	
0	14	6	4	0	2	
0	14	0	0	0	0	


True
3
0	0	0	12	9	0	
8	10	0	12	9	2	
8	10	1	1	0	2	
0	4	0	0	13	16	
5	4	0	0	13	16	
5	0	0	0	13	16	


True
6
0	0	0	0	0	0	
0	5	5	0	0	0	
1	1	0	0	0	6	
0	0	0	2	11	6	
0	12	12	2	11	0	
0	3	3	0	8	8	


True
16
3	0	15	15	15	0	
3	0	4	0	0	0	
1	1	4	2	0	0	
10	10	0	2	9	16	
0	0	11	11	9	16	
0	0	0	0	0	16	


True
2
0	0	0	0	0	2	
0	7	14	14	14	2	
0	7	1	1	0	0	
0	0	0	0	0	0	
0	16	16	16	0	9	
0	8	8	12	12	9	


True
6
0	16	16	16	0	9	
0	14	14	14	6	9	
1	1	0	0	6	0	
0	0	0	0	12	0	
0	0	0	0	12	0	
0	4	4	0	11	11	


True
3
13	13	13	0	0	0	
0	0	0	6	6	0	
9	0	1	1	0	10	
9	11	11	0	0	10	
0	0	0	0	7	0	
0	0	0	0	7	0	


True
2
0	0	0	0	0	0	
0	0	0	12	12	0	
0	0	1	1	0	0	
0	0	0	0	0	10	
0	0	7	7	0	10	
2	2	11	11	0	0	


True
3
0	0	0	0	0	0	
0	0	0	0	2	2	
11	0	1	1	0	8	
11	0	0	0	4	8	
13	13	13	0	4	0	
7	7	0	0	0	0	


True
1
0	0	16	0	0	0	
0	0	16	12	12	0	
0	0	16	1	1	0	
0	3	14	14	14	5	
0	3	0	0	11	5	
8	8	0	0	11	0	


True
2
16	16	16	13	13	13	
0	12	15	15	15	0	
0	12	0	1	1	7	
0	0	0	0	0	7	
0	5	0	0	0	0	
0	5	0	4	4	0	


True
3
0	0	0	0	0	0	
11	11	0	0	0	0	
0	0	1	1	0	5	
0	3	3	12	12	5	
2	0	0	0	0	0	
2	13	13	13	0	0	


True
5
2	9	9	7	7	0	
2	0	0	5	5	0	
1	1	0	0	0	0	
4	4	0	0	0	0	
16	16	16	12	0	0	
0	0	0	12	0	0	


True
13
0	0	0	2	2	0	
0	0	0	10	10	0	
0	0	1	1	6	4	
0	0	0	0	6	4	
9	9	12	15	15	15	
0	0	12	0	0	0	


True
2
4	4	12	12	7	7	
0	14	6	6	0	0	
0	14	1	1	0	0	
0	14	0	0	0	0	
10	0	16	16	16	2	
10	0	8	8	0	2	


True
2
0	0	0	5	0	0	
0	0	0	5	0	0	
0	0	1	1	0	0	
0	11	0	0	0	14	
0	11	9	9	7	14	
0	3	3	0	7	14	


True
13
0	4	6	6	0	0	
0	4	0	12	2	2	
1	1	0	12	0	0	
0	0	11	11	0	0	
7	16	16	16	0	0	
7	0	0	0	9	9	


True
5
0	0	0	0	6	0	
0	10	0	0	6	4	
0	10	1	1	2	4	
0	0	0	3	2	11	
0	0	0	3	0	11	
8	8	14	14	14	0	


True
3
6	6	0	0	10	9	
0	11	11	0	10	9	
12	12	1	1	3	0	
0	0	14	0	3	0	
0	0	14	0	0	0	
0	0	14	0	0	0	


True
2
0	11	11	0	0	0	
0	0	0	15	15	15	
6	6	1	1	0	0	
7	3	0	0	0	0	
7	3	0	0	2	2	
0	0	4	4	0	0	


True
5
0	0	0	0	11	11	
0	0	6	6	3	3	
1	1	0	7	0	0	
16	16	16	7	0	0	
0	0	9	0	0	0	
0	0	9	15	15	15	


True
10
6	0	0	2	0	15	
6	0	0	2	0	15	
0	0	1	1	12	15	
0	3	0	0	12	0	
0	3	9	9	0	0	
0	0	0	0	7	7	


True
4
14	14	14	8	0	0	
0	12	12	8	2	2	
0	0	1	1	0	9	
0	0	11	11	0	9	
10	10	0	15	15	15	
0	0	0	0	0	0	


True
6
0	0	3	0	0	0	
7	7	3	4	4	14	
11	5	1	1	15	14	
11	5	8	0	15	14	
0	0	8	0	15	0	
0	0	0	0	0	0	


True
4
0	0	0	0	0	0	
0	0	14	14	14	0	
0	15	0	1	1	10	
0	15	12	0	0	10	
2	15	12	0	5	5	
2	0	0	0	0	0	


True
4
9	9	0	12	0	0	
14	0	0	12	0	0	
14	0	1	1	5	0	
14	15	15	15	5	0	
0	0	3	3	0	0	
0	7	7	0	0	0	


True
3
7	7	0	10	0	0	
0	0	0	10	0	0	
0	0	1	1	11	0	
0	4	4	0	11	0	
16	16	16	0	0	0	
0	0	14	14	14	0	


True
3
0	0	9	0	0	0	
0	7	9	0	0	0	
0	7	1	1	12	0	
8	0	0	5	12	0	
8	0	0	5	0	0	
0	0	16	16	16	0	


True
1
15	15	15	0	0	0	
14	14	14	0	0	0	
0	10	0	1	1	0	
12	10	0	0	5	5	
12	0	0	0	4	4	
0	0	3	3	0	0	


True
12
0	3	8	8	0	14	
0	3	0	2	2	14	
1	1	0	0	0	14	
15	0	6	6	0	0	
15	0	0	0	0	0	
15	12	12	0	0	0	


False
0
15	15	15	14	0	0	
0	0	0	14	9	0	
1	1	0	14	9	0	
3	3	4	4	0	8	
0	10	10	0	0	8	
0	0	0	0	0	0	


True
3
0	0	0	12	12	7	
15	0	0	0	0	7	
15	6	1	1	0	0	
15	6	0	13	13	13	
0	0	0	9	9	0	
0	3	3	0	0	0	


True
21
0	5	5	11	9	9	
0	8	8	11	6	0	
0	0	1	1	6	3	
10	10	0	0	0	3	
0	0	7	7	12	12	
0	0	0	0	0	0	


True
14
15	15	15	8	8	0	
4	4	0	0	0	0	
1	1	0	0	14	0	
0	0	0	5	14	7	
0	0	0	5	14	7	
2	2	0	9	9	0	


True
5
2	4	4	0	0	0	
2	0	12	12	0	0	
0	13	1	1	14	7	
10	13	6	0	14	7	
10	13	6	0	14	0	
0	9	9	0	0	0	


True
4
0	16	16	16	6	0	
0	3	3	0	6	0	
1	1	0	0	0	0	
13	13	13	0	0	9	
0	0	0	7	7	9	
8	8	0	15	15	15	


True
5
0	11	11	12	8	8	
0	0	0	12	9	0	
14	0	1	1	9	0	
14	0	0	0	0	5	
14	15	15	15	0	5	
0	0	0	0	0	0	


True
15
0	0	5	5	0	0	
0	0	14	0	8	8	
1	1	14	0	10	0	
0	0	14	0	10	0	
0	0	11	11	0	3	
0	0	0	0	0	3	


True
6
7	7	0	0	0	0	
0	0	0	0	0	0	
1	1	0	14	0	2	
4	0	0	14	0	2	
4	0	0	14	0	0	
13	13	13	0	6	6	


True
1
0	0	0	11	0	0	
2	6	9	11	5	5	
2	6	9	1	1	0	
10	0	7	0	0	0	
10	0	7	0	0	0	
3	3	16	16	16	0	


True
2
12	0	0	4	0	0	
12	0	0	4	0	0	
0	0	1	1	0	0	
0	0	3	0	9	9	
10	10	3	0	6	6	
7	7	0	0	0	0	


True
8
0	0	0	14	14	14	
7	0	0	0	2	0	
7	0	1	1	2	11	
0	5	0	0	8	11	
0	5	0	4	8	0	
6	6	0	4	0	0	


True
5
12	4	0	3	0	0	
12	4	0	3	0	0	
1	1	0	9	0	0	
16	0	0	9	0	0	
16	0	0	0	0	0	
16	0	0	0	0	0	


True
6
0	8	0	0	7	7	
0	8	0	0	4	4	
1	1	0	0	0	0	
0	15	10	2	2	0	
0	15	10	0	12	0	
0	15	0	0	12	0	


True
5
0	0	0	11	0	0	
0	12	12	11	0	7	
1	1	0	0	0	7	
0	0	0	0	0	3	
0	9	10	5	5	3	
0	9	10	0	0	0	


True
15
0	14	14	14	0	15	
0	0	0	0	0	15	
1	1	0	0	0	15	
0	2	0	0	0	0	
0	2	0	0	12	12	
0	3	3	8	8	0	


True
2
0	0	0	16	16	16	
6	6	0	0	0	0	
0	15	1	1	0	0	
13	15	14	14	14	0	
13	15	0	5	0	9	
13	0	0	5	0	9	


True
8
0	5	5	0	3	3	
8	0	0	0	16	0	
8	0	1	1	16	0	
0	13	13	13	16	0	
0	0	0	14	14	14	
7	7	0	0	0	0	


True
1
0	2	2	0	3	8	
15	0	0	0	3	8	
15	0	0	1	1	0	
15	5	0	9	0	0	
0	5	0	9	0	0	
0	0	0	0	0	0	


True
1
14	0	0	0	0	6	
14	5	5	0	0	6	
14	11	0	1	1	0	
0	11	0	4	0	0	
15	15	15	4	0	0	
0	0	0	10	10	0	


True
7
12	0	11	11	0	0	
12	0	0	15	15	15	
1	1	16	0	0	0	
5	0	16	0	0	0	
5	0	16	6	6	0	
0	0	0	0	9	9	


True
5
0	10	10	4	4	5	
0	0	0	0	0	5	
1	1	0	0	0	0	
6	6	0	0	7	7	
0	0	12	0	0	0	
0	0	12	0	0	0	


True
1
0	0	16	2	11	11	
0	0	16	2	4	4	
0	0	16	1	1	0	
0	6	0	0	0	0	
0	6	12	12	0	0	
13	13	13	8	8	0	


True
12
0	0	0	4	4	0	
7	7	9	0	2	3	
1	1	9	0	2	3	
0	6	8	0	0	15	
0	6	8	0	0	15	
0	0	0	0	0	15	


True
2
3	3	0	0	5	5	
0	0	0	0	0	0	
0	0	1	1	0	0	
0	14	0	0	0	0	
6	14	2	2	0	0	
6	14	0	0	0	0	


True
2
0	0	0	0	6	9	
0	10	10	0	6	9	
0	13	1	1	0	0	
0	13	0	0	0	0	
0	13	7	7	3	4	
0	0	0	0	3	4	


True
8
10	10	0	9	9	0	
15	0	0	0	16	6	
15	0	1	1	16	6	
15	0	11	4	16	0	
0	0	11	4	0	0	
0	2	2	0	0	0	


True
4
0	15	15	15	0	0	
8	8	12	12	0	0	
0	0	1	1	0	11	
0	16	0	6	6	11	
0	16	0	2	3	3	
0	16	0	2	0	0	


True
11
0	2	0	0	13	0	
0	2	0	0	13	7	
0	0	1	1	13	7	
0	0	0	0	0	8	
0	11	11	0	0	8	
0	0	9	9	0	0	


True
2
7	0	0	0	8	9	
7	0	0	0	8	9	
13	13	13	1	1	15	
0	0	12	0	0	15	
0	0	12	2	11	15	
0	0	0	2	11	0	


True
2
0	7	7	11	11	0	
0	5	5	4	4	0	
0	0	1	1	0	0	
0	15	0	10	0	0	
0	15	0	10	0	0	
0	15	0	0	0	0	


True
2
15	15	15	0	0	10	
0	13	0	9	9	10	
0	13	1	1	0	0	
4	13	0	11	11	5	
4	2	2	0	0	5	
16	16	16	0	0	0	


True
8
0	0	3	3	0	11	
0	0	12	12	7	11	
4	4	1	1	7	14	
0	2	0	0	0	14	
0	2	0	0	0	14	
0	13	13	13	10	10	


True
1
16	16	16	15	15	15	
6	0	0	0	3	3	
6	0	0	1	1	0	
0	0	10	0	4	4	
0	0	10	0	11	11	
9	9	0	0	0	0	


True
8
0	0	0	0	9	9	
11	11	16	16	16	6	
1	1	0	0	0	6	
4	4	5	5	0	0	
0	0	0	13	13	13	
14	14	14	0	0	0	


True
2
0	0	8	0	10	10	
0	0	8	0	2	2	
4	0	1	1	0	0	
4	14	13	13	13	0	
0	14	12	0	3	3	
0	14	12	0	0	0	


True
11
0	8	0	15	15	15	
0	8	0	0	2	0	
1	1	11	0	2	6	
7	7	11	13	0	6	
0	0	0	13	0	0	
10	10	0	13	0	0	


True
1
0	0	16	16	16	3	
6	9	9	11	11	3	
6	0	0	1	1	0	
0	0	4	0	15	0	
5	0	4	0	15	0	
5	14	14	14	15	0	


True
8
0	0	0	0	6	0	
0	0	8	0	6	0	
1	1	8	14	0	15	
12	0	2	14	0	15	
12	0	2	14	0	15	
0	0	0	0	0	0	


True
1
0	0	12	12	8	2	
15	0	10	10	8	2	
15	0	0	1	1	0	
15	0	0	0	7	7	
14	14	14	0	0	0	
16	16	16	0	0	0	


True
3
0	0	0	0	0	0	
2	3	0	0	0	0	
2	3	1	1	10	0	
0	0	12	12	10	7	
0	13	13	13	0	7	
6	6	15	15	15	0	


True
8
0	0	0	0	15	0	
6	6	0	0	15	0	
8	8	1	1	15	0	
11	11	0	0	0	10	
0	0	0	0	0	10	
0	0	5	5	0	0	


True
8
0	3	0	10	0	0	
0	3	0	10	15	0	
1	1	0	2	15	0	
12	0	8	2	15	0	
12	0	8	0	0	0	
0	0	4	4	0	0	


True
2
8	0	0	4	4	0	
8	16	16	16	0	7	
5	5	0	1	1	7	
0	0	0	10	10	0	
14	14	14	11	11	9	
0	0	0	0	0	9	


True
2
0	2	2	0	4	4	
0	0	13	13	13	0	
0	0	1	1	0	0	
12	12	14	14	14	9	
0	6	0	0	0	9	
0	6	0	0	10	10	


True
8
0	10	10	0	0	14	
0	0	3	3	0	14	
0	0	1	1	0	14	
0	0	0	0	0	0	
0	12	2	2	0	0	
0	12	0	0	0	0	


True
3
0	0	0	10	10	0	
0	0	2	2	0	13	
0	6	9	1	1	13	
0	6	9	0	0	13	
0	0	4	4	0	0	
8	8	0	0	0	0	


True
5
0	0	6	0	0	0	
0	16	6	0	0	0	
0	16	1	1	9	5	
0	16	0	0	9	5	
0	0	0	0	0	0	
0	10	10	0	7	7	


True
2
0	0	10	10	0	0	
0	15	15	15	0	0	
11	11	1	1	0	0	
0	9	0	0	5	0	
0	9	0	2	5	4	
0	0	0	2	0	4	


True
14
7	7	0	14	0	0	
0	0	0	14	0	0	
1	1	0	14	6	0	
8	8	0	0	6	0	
0	0	0	0	2	4	
10	10	0	0	2	4	


True
1
0	0	0	14	14	14	
0	8	8	0	0	0	
0	0	0	1	1	0	
11	11	0	10	10	3	
0	9	0	0	0	3	
0	9	0	5	5	0	


True
2
7	9	16	0	0	0	
7	9	16	0	0	0	
0	0	16	1	1	15	
0	0	8	8	13	15	
2	2	5	5	13	15	
0	0	12	12	13	0	


True
8
0	0	6	0	0	0	
0	0	6	0	3	5	
1	1	0	11	3	5	
4	0	14	11	2	2	
4	0	14	0	0	0	
0	0	14	0	0	0	


True
1
0	0	0	15	15	15	
3	3	0	0	0	0	
7	7	0	1	1	0	
4	4	14	0	13	5	
0	0	14	0	13	5	
0	0	14	0	13	0	


True
10
0	6	12	12	0	15	
0	6	0	0	3	15	
0	0	1	1	3	15	
8	0	0	0	0	0	
8	0	0	0	10	10	
0	0	0	0	0	0	


True
2
0	16	16	16	0	0	
0	0	13	13	13	0	
11	0	1	1	0	0	
11	0	0	0	0	0	
0	12	0	0	0	0	
0	12	0	9	9	0	


True
2
0	9	0	0	0	0	
0	9	0	4	4	3	
0	0	0	1	1	3	
13	13	13	0	0	6	
0	2	7	12	12	6	
0	2	7	0	0	0	


True
9
0	0	0	2	2	0	
0	14	14	14	11	11	
1	1	4	0	5	0	
0	0	4	9	5	0	
0	0	0	9	0	7	
0	0	0	0	0	7	


True
4
0	0	0	0	11	0	
0	4	0	0	11	0	
0	4	1	1	0	3	
0	0	2	2	12	3	
0	0	0	0	12	0	
13	13	13	8	8	0	


True
1
6	6	0	0	8	0	
4	4	0	0	8	0	
0	0	0	1	1	0	
0	13	0	0	0	0	
0	13	0	15	15	15	
0	13	0	16	16	16	


True
12
0	0	6	6	7	16	
0	15	15	15	7	16	
0	0	1	1	0	16	
4	0	0	8	0	0	
4	0	0	8	2	0	
0	0	11	11	2	0	


True
4
0	0	0	0	0	0	
0	0	0	9	9	10	
0	0	1	1	0	10	
0	8	7	7	13	0	
0	8	0	0	13	0	
0	0	2	2	13	0	


True
9
2	2	0	15	15	15	
0	14	14	14	0	16	
0	0	1	1	0	16	
0	7	11	11	0	16	
0	7	0	10	10	0	
13	13	13	0	0	0	


True
3
2	14	3	0	0	0	
2	14	3	8	8	0	
0	14	1	1	12	0	
0	7	7	0	12	0	
13	13	13	0	0	0	
0	0	0	0	6	6	


True
7
0	0	13	13	13	0	
0	0	0	0	0	0	
1	1	11	0	0	0	
15	0	11	5	5	0	
15	0	0	0	0	9	
15	4	4	0	0	9	


True
12
12	0	0	14	14	14	
12	0	0	16	16	16	
0	0	1	1	15	0	
0	0	0	0	15	0	
4	4	0	0	15	0	
0	0	0	0	9	9	


True
3
11	0	0	0	0	0	
11	15	15	15	0	10	
0	0	1	1	0	10	
0	0	0	13	0	0	
0	0	6	13	0	0	
0	0	6	13	8	8	


True
3
0	0	5	5	9	0	
0	0	0	0	9	0	
13	0	1	1	0	8	
13	7	7	0	0	8	
13	0	0	0	3	0	
0	0	0	0	3	0	


True
1
7	7	0	0	5	0	
0	0	4	0	5	0	
0	0	4	1	1	0	
6	6	3	0	0	0	
0	0	3	0	9	12	
0	0	0	0	9	12	


True
4
0	7	7	0	0	0	
0	14	14	14	0	0	
0	0	1	1	16	10	
0	4	0	0	16	10	
0	4	0	0	16	0	
11	11	2	2	0	0	


True
2
15	2	0	0	0	0	
15	2	12	12	11	11	
15	0	1	1	0	0	
3	14	14	14	8	0	
3	13	13	13	8	0	
0	0	0	0	0	0	


True
2
7	3	3	0	0	0	
7	0	0	0	0	0	
5	5	1	1	0	0	
14	14	14	0	12	12	
0	0	0	0	0	0	
8	8	0	6	6	0	


True
1
0	0	0	9	9	0	
15	0	4	11	11	0	
15	0	4	1	1	0	
15	12	0	0	0	3	
0	12	0	2	2	3	
0	6	6	0	0	0	


True
12
0	0	15	0	0	0	
12	12	15	0	0	4	
1	1	15	0	0	4	
0	0	0	5	5	8	
0	10	10	0	0	8	
0	0	0	0	0	0	


True
4
11	0	0	7	7	0	
11	12	0	0	0	8	
6	12	1	1	0	8	
6	5	5	0	0	0	
0	16	16	16	0	0	
15	15	15	3	3	0	


True
2
3	3	0	0	9	9	
0	0	0	0	12	12	
0	0	1	1	0	0	
5	5	0	0	6	6	
7	0	8	8	11	0	
7	0	0	0	11	0	


True
26
0	8	15	6	0	9	
0	8	15	6	0	9	
1	1	15	0	11	0	
0	3	3	16	11	0	
0	0	0	16	2	2	
4	4	0	16	0	0	


True
2
0	2	2	0	0	0	
0	0	9	9	3	3	
0	0	1	1	0	0	
0	0	0	0	12	12	
13	13	13	5	5	0	
0	0	0	0	4	4	


True
2
0	0	0	5	5	0	
0	16	0	0	0	0	
0	16	1	1	0	0	
0	16	7	7	3	3	
0	0	0	0	9	4	
0	0	0	0	9	4	


True
2
0	10	10	0	0	0	
0	0	4	4	3	3	
0	0	1	1	0	0	
5	9	9	0	0	0	
5	0	0	6	6	0	
0	11	11	0	0	0	


True
2
0	0	7	7	0	0	
0	16	11	11	0	0	
0	16	1	1	0	0	
6	16	0	0	12	12	
6	0	0	5	5	4	
10	10	0	0	0	4	


True
15
0	0	9	9	0	0	
0	4	4	13	5	5	
1	1	0	13	0	0	
0	0	0	13	15	0	
0	14	14	14	15	0	
0	0	0	0	15	0	


True
1
0	0	15	15	15	0	
0	0	0	0	0	0	
0	10	10	1	1	0	
0	0	12	5	0	11	
0	0	12	5	0	11	
0	0	0	9	9	0	


True
2
0	3	5	5	0	0	
0	3	6	6	2	2	
9	9	1	1	0	0	
0	0	0	0	11	0	
0	8	0	0	11	0	
0	8	0	0	0	0	


True
1
0	0	0	0	0	0	
9	9	0	0	0	0	
0	11	0	1	1	0	
0	11	0	16	16	16	
0	0	0	7	7	0	
0	0	6	6	0	0	


True
1
2	2	0	0	0	0	
0	4	4	0	6	6	
0	3	9	1	1	0	
0	3	9	7	7	0	
0	0	0	0	0	0	
15	15	15	16	16	16	


True
11
6	4	10	7	7	0	
6	4	10	0	0	0	
0	0	1	1	9	0	
15	15	15	0	9	0	
0	0	0	0	3	3	
5	5	0	14	14	14	


True
9
0	8	0	0	12	12	
10	8	6	6	4	5	
10	0	1	1	4	5	
0	0	0	0	0	0	
0	0	0	0	0	0	
11	11	0	2	2	0	


True
11
0	9	12	12	8	8	
0	9	11	0	7	7	
1	1	11	10	0	0	
6	0	0	10	0	15	
6	0	0	0	0	15	
0	0	0	0	0	15	


True
2
6	6	9	0	0	0	
0	0	9	5	5	0	
0	0	1	1	0	0	
8	8	0	0	0	0	
0	0	4	15	15	15	
11	11	4	0	0	0	


True
2
0	0	0	0	4	0	
0	0	0	0	4	0	
2	2	1	1	0	0	
0	0	0	0	0	14	
5	5	0	0	0	14	
15	15	15	0	0	14	


True
5
4	10	0	0	0	0	
4	10	0	0	0	0	
1	1	0	5	0	0	
13	13	13	5	0	0	
0	8	0	0	0	0	
0	8	0	0	11	11	


True
1
0	0	4	0	0	0	
0	0	4	0	6	6	
0	0	0	1	1	0	
9	9	5	5	0	0	
0	11	11	0	0	0	
0	7	7	0	10	10	


True
1
0	12	12	0	0	0	
0	0	8	8	0	0	
0	4	4	1	1	0	
2	14	14	14	16	0	
2	0	6	0	16	11	
0	0	6	0	16	11	


True
6
5	0	0	7	7	0	
5	6	0	0	11	11	
0	6	1	1	0	15	
0	0	0	0	0	15	
0	8	8	0	0	15	
0	0	0	13	13	13	


True
2
0	0	0	0	0	0	
0	6	6	0	0	0	
14	0	1	1	0	0	
14	0	0	0	0	0	
14	0	0	12	12	0	
0	13	13	13	0	0	


True
9
0	10	0	6	0	0	
0	10	0	6	0	0	
1	1	13	0	3	0	
0	0	13	0	3	0	
7	9	13	0	0	0	
7	9	0	0	0	0	


True
4
11	9	8	8	0	0	
11	9	14	14	14	0	
1	1	0	0	0	0	
0	15	15	15	4	0	
0	0	0	0	4	0	
13	13	13	16	16	16	


True
6
0	0	0	9	0	8	
7	7	10	9	0	8	
1	1	10	0	0	0	
5	0	0	0	2	0	
5	0	0	6	2	0	
14	14	14	6	0	0	


True
6
0	0	0	3	3	0	
0	0	8	8	2	2	
1	1	0	0	12	0	
0	0	14	0	12	0	
0	11	14	0	0	6	
0	11	14	0	0	6	


True
3
3	3	10	10	0	0	
0	0	13	0	0	15	
0	0	13	1	1	15	
0	0	13	0	0	15	
4	4	16	16	16	0	
9	9	0	0	0	0	


True
8
0	0	0	2	2	13	
16	16	16	10	10	13	
1	1	0	0	0	13	
0	0	5	0	0	0	
0	0	5	0	11	0	
0	0	0	0	11	0	


True
11
0	8	15	15	15	0	
0	8	0	0	7	0	
1	1	4	0	7	2	
12	12	4	9	0	2	
5	0	0	9	0	0	
5	0	10	10	3	3	


True
2
16	11	2	0	0	0	
16	11	2	5	5	0	
16	0	1	1	0	0	
0	4	4	9	9	0	
7	7	12	12	6	0	
0	15	15	15	6	0	


True
11
9	0	0	0	0	14	
9	11	11	0	0	14	
0	8	1	1	0	14	
0	8	7	7	15	0	
3	0	0	0	15	0	
3	0	0	0	15	0	


True
12
0	0	0	0	0	0	
0	0	14	14	14	0	
1	1	8	0	4	0	
0	0	8	0	4	0	
0	0	0	3	3	2	
0	0	7	7	0	2	


True
7
0	0	0	0	0	0	
7	7	10	0	6	0	
1	1	10	0	6	0	
0	0	0	13	0	11	
0	5	0	13	9	11	
0	5	0	13	9	0	


True
3
0	0	0	0	0	0	
0	0	10	10	0	5	
0	15	1	1	0	5	
0	15	0	14	0	0	
0	15	0	14	0	0	
8	8	0	14	11	11	


True
4
0	11	11	0	0	10	
5	5	0	0	4	10	
0	0	1	1	4	0	
16	0	0	0	0	9	
16	6	0	0	0	9	
16	6	7	7	0	0	


True
3
0	0	3	3	0	4	
0	0	0	0	0	4	
6	6	1	1	15	0	
0	16	14	0	15	0	
0	16	14	0	15	0	
0	16	14	0	0	0	


True
4
0	0	0	10	0	0	
12	8	8	10	0	2	
12	11	1	1	15	2	
0	11	0	0	15	0	
0	0	0	0	15	0	
9	9	0	0	0	0	


True
1
0	0	4	10	0	0	
0	0	4	10	0	0	
3	3	0	1	1	0	
14	15	0	0	8	2	
14	15	6	0	8	2	
14	15	6	0	0	0	


True
9
0	13	13	13	0	12	
0	0	2	2	0	12	
1	1	5	16	7	0	
4	0	5	16	7	0	
4	0	0	16	0	0	
0	0	0	0	0	0	


True
2
7	7	0	0	0	0	
0	0	0	0	8	8	
5	5	1	1	0	0	
0	0	0	10	10	0	
11	11	9	2	12	12	
0	0	9	2	0	0	


True
2
0	0	0	0	2	0	
4	4	0	0	2	0	
0	0	1	1	0	0	
0	11	11	0	0	0	
14	14	14	16	16	16	
0	0	0	3	3	0	


True
2
13	13	13	0	10	5	
3	0	0	0	10	5	
3	0	1	1	0	0	
0	0	14	14	14	12	
0	0	9	9	0	12	
0	0	0	0	0	0	


True
2
0	0	9	0	0	0	
0	12	9	0	0	0	
0	12	1	1	0	0	
0	0	0	0	0	0	
0	7	7	16	16	16	
0	0	0	0	3	3	


True
2
0	0	0	6	0	0	
13	13	13	6	0	0	
0	10	10	1	1	15	
0	0	0	11	11	15	
0	0	8	8	0	15	
0	0	0	0	0	0	


True
1
0	0	0	0	0	0	
0	4	4	0	0	0	
2	0	0	1	1	0	
2	3	3	0	12	0	
11	16	16	16	12	0	
11	15	15	15	0	0	


True
5
0	0	0	14	14	14	
0	0	10	10	0	9	
0	11	1	1	0	9	
0	11	0	5	5	0	
0	0	0	0	12	0	
15	15	15	0	12	0	


True
10
0	2	9	9	0	12	
0	2	0	0	0	12	
1	1	11	0	0	8	
0	0	11	0	0	8	
5	7	7	6	6	0	
5	0	0	0	10	10	


True
2
0	10	10	0	2	0	
9	3	0	0	2	11	
9	3	0	1	1	11	
0	0	0	0	0	0	
12	0	13	13	13	0	
12	0	0	0	0	0	


True
6
7	7	0	0	0	0	
15	15	15	0	0	0	
0	0	1	1	0	10	
0	0	0	3	3	10	
0	0	0	0	4	4	
0	0	0	0	8	8	


True
2
0	12	12	0	0	0	
6	6	0	0	0	3	
0	0	0	1	1	3	
0	8	8	0	0	16	
5	0	11	11	0	16	
5	0	4	4	0	16	


True
9
2	0	3	0	0	0	
2	0	3	0	0	14	
1	1	0	0	0	14	
0	0	0	6	0	14	
0	0	0	6	0	0	
0	0	7	7	10	10	


True
11
0	0	0	11	10	10	
0	0	12	11	13	3	
1	1	12	0	13	3	
0	0	5	5	13	0	
4	0	0	0	0	0	
4	0	0	0	0	0	


True
4
13	0	4	4	0	0	
13	15	15	15	0	5	
13	0	1	1	0	5	
7	7	6	0	10	0	
9	9	6	0	10	0	
0	0	0	0	0	0	


True
1
0	0	0	0	0	0	
0	13	0	3	3	0	
7	13	0	1	1	0	
7	13	9	11	11	0	
0	0	9	0	0	0	
0	5	5	0	0	0	


True
15
0	0	0	11	3	3	
0	0	9	11	0	0	
1	1	9	0	8	0	
13	13	13	0	8	0	
0	0	0	16	16	16	
7	7	0	0	0	0	


True
2
9	9	0	0	3	12	
0	13	13	13	3	12	
0	0	0	1	1	14	
2	2	0	0	0	14	
0	0	0	0	0	14	
0	5	5	11	11	0	


True
11
14	14	14	0	3	4	
0	11	0	0	3	4	
0	11	1	1	16	0	
0	0	0	0	16	0	
0	0	9	0	16	0	
0	0	9	13	13	13	


True
2
0	11	11	14	14	14	
0	0	0	0	0	0	
6	0	1	1	0	0	
6	13	4	0	0	2	
0	13	4	7	7	2	
0	13	0	0	0	0	


True
1
0	0	6	6	0	0	
0	0	0	0	0	0	
7	7	0	1	1	0	
0	15	15	15	3	3	
0	0	16	16	16	0	
4	4	0	0	8	8	


True
2
0	0	2	2	0	0	
5	5	0	0	0	0	
15	0	1	1	0	0	
15	10	0	11	11	0	
15	10	0	0	0	0	
0	0	0	3	3	0	


True
1
0	0	0	15	15	15	
2	0	4	4	0	0	
2	0	0	1	1	0	
0	0	13	13	13	0	
7	7	0	0	0	0	
0	0	12	12	11	11	


True
5
16	16	16	0	0	0	
0	0	0	0	9	9	
3	7	1	1	12	0	
3	7	0	0	12	2	
5	5	0	0	0	2	
0	0	0	8	8	0	


True
1
0	0	5	0	4	10	
0	2	5	0	4	10	
0	2	0	1	1	0	
0	0	9	0	12	0	
7	7	9	0	12	0	
0	0	6	6	0	0	


True
15
0	0	0	0	15	13	
0	6	6	0	15	13	
1	1	0	0	15	13	
0	0	14	14	14	0	
7	7	9	3	0	0	
0	0	9	3	0	0	


True
2
0	0	5	5	0	0	
7	7	0	0	6	6	
0	0	1	1	0	0	
0	8	8	15	15	15	
0	0	9	9	0	2	
0	10	10	0	0	2	


True
6
0	8	0	0	0	12	
0	8	9	5	5	12	
1	1	9	0	0	0	
7	0	0	14	14	14	
7	0	0	0	0	3	
0	0	0	6	6	3	


True
7
11	2	0	0	12	0	
11	2	3	3	12	15	
1	1	0	0	0	15	
0	0	5	4	4	15	
0	0	5	0	0	0	
0	0	0	6	6	0	


True
1
0	5	14	14	14	0	
0	5	0	0	0	0	
0	0	0	1	1	0	
15	0	9	0	0	7	
15	10	9	2	0	7	
15	10	0	2	0	0	


True
1
15	15	15	0	2	0	
12	6	0	0	2	0	
12	6	0	1	1	0	
0	0	0	0	0	14	
3	0	10	10	0	14	
3	0	0	0	0	14	


True
1
0	16	16	16	0	0	
0	0	0	3	3	0	
0	6	6	1	1	0	
0	8	8	0	14	0	
0	2	0	10	14	0	
0	2	0	10	14	0	


True
5
0	7	7	0	0	0	
0	0	0	14	14	14	
1	1	0	0	0	0	
2	0	0	9	9	0	
2	0	12	12	0	0	
0	0	0	0	11	11	


True
1
14	14	14	0	6	6	
8	0	5	5	0	0	
8	0	0	1	1	0	
13	0	9	4	4	0	
13	0	9	15	15	15	
13	0	0	11	11	0	


True
7
0	0	0	12	0	0	
0	2	2	12	0	0	
1	1	0	0	0	0	
3	3	0	6	6	9	
4	4	0	0	0	9	
0	5	5	0	0	0	


True
8
7	14	14	14	0	0	
7	0	0	6	12	12	
1	1	0	6	0	0	
0	5	5	9	0	0	
0	0	0	9	4	4	
0	0	0	0	0	0	


True
2
14	0	0	0	0	0	
14	11	4	4	0	0	
14	11	0	1	1	3	
0	0	9	13	0	3	
0	2	9	13	0	0	
0	2	0	13	5	5	


True
2
0	0	0	0	0	0	
4	15	15	15	12	12	
4	8	1	1	0	0	
14	8	0	0	0	0	
14	0	0	0	0	0	
14	0	0	0	0	0	


True
2
0	9	9	0	4	0	
7	0	0	0	4	0	
7	0	0	1	1	16	
0	3	3	0	0	16	
0	2	0	5	5	16	
0	2	0	0	0	0	


True
3
0	0	8	8	0	0	
0	0	0	2	2	10	
0	0	1	1	0	10	
0	13	0	0	4	0	
0	13	6	0	4	0	
0	13	6	9	9	0	


True
2
0	0	3	4	0	0	
0	0	3	4	0	0	
0	0	1	1	0	0	
0	16	0	13	13	13	
0	16	0	0	0	0	
0	16	0	0	0	0	


True
4
4	5	3	2	0	8	
4	5	3	2	0	8	
1	1	0	0	0	0	
0	11	11	0	0	0	
0	10	0	15	15	15	
0	10	14	14	14	0	


True
1
0	0	0	0	3	0	
0	7	0	0	3	0	
11	7	0	1	1	0	
11	16	16	16	0	0	
0	10	0	13	13	13	
0	10	0	15	15	15	


True
6
9	0	0	0	0	0	
9	0	14	14	14	0	
1	1	0	0	0	3	
4	0	0	0	0	3	
4	0	0	8	8	0	
0	0	0	0	0	0	


True
3
5	0	0	0	0	0	
5	7	0	0	0	11	
10	7	1	1	0	11	
10	0	2	16	0	12	
0	4	2	16	0	12	
0	4	0	16	0	0	


True
9
0	0	0	0	0	15	
12	13	13	13	0	15	
12	0	1	1	10	15	
4	4	7	16	10	0	
8	8	7	16	0	0	
0	0	0	16	0	0	


True
4
0	15	15	15	0	0	
12	0	9	9	10	0	
12	0	1	1	10	0	
0	8	8	0	0	0	
0	13	13	13	2	6	
7	7	4	4	2	6	


True
11
14	14	14	8	16	0	
13	13	13	8	16	0	
0	0	1	1	16	0	
0	3	3	0	0	0	
5	0	0	0	9	9	
5	0	7	7	0	0	


True
1
0	13	13	13	0	0	
0	0	0	15	15	15	
0	2	0	1	1	0	
0	2	0	0	8	8	
14	14	14	12	0	0	
0	0	0	12	0	0	


True
7
0	0	0	0	0	0	
12	13	13	13	0	14	
12	0	0	1	1	14	
0	8	8	9	9	14	
0	0	0	2	2	0	
10	10	0	0	0	0	


True
1
0	2	0	0	0	0	
9	2	0	0	0	0	
9	0	3	1	1	0	
0	0	3	0	0	0	
0	6	15	15	15	0	
0	6	4	4	0	0	


True
1
4	4	0	12	0	0	
5	11	11	12	0	0	
5	0	0	1	1	0	
3	3	0	14	0	0	
7	7	0	14	0	0	
0	0	0	14	0	0	


True
3
3	0	0	0	0	0	
3	0	0	0	8	8	
7	7	1	1	0	12	
0	0	0	6	0	12	
4	4	11	6	0	0	
0	0	11	0	0	0	


True
10
0	7	7	0	4	0	
0	0	0	0	4	15	
1	1	5	0	0	15	
0	14	5	0	13	15	
0	14	9	0	13	0	
0	14	9	0	13	0	


True
2
0	2	0	0	7	7	
0	2	0	0	0	0	
0	6	1	1	0	0	
0	6	0	3	3	0	
0	0	5	0	0	10	
0	0	5	0	0	10	


True
2
0	0	0	9	9	0	
14	0	0	0	0	5	
14	3	3	1	1	5	
14	8	8	6	6	0	
0	0	0	15	15	15	
0	13	13	13	0	0	


True
2
0	0	4	0	0	0	
0	0	4	0	0	0	
0	13	1	1	0	0	
0	13	0	0	14	12	
0	13	0	2	14	12	
0	0	0	2	14	0	


True
1
0	0	14	0	0	0	
2	0	14	0	0	0	
2	0	14	1	1	0	
0	10	0	0	0	4	
0	10	0	0	0	4	
0	11	11	0	7	7	


True
2
0	14	14	14	7	4	
0	9	9	0	7	4	
0	0	1	1	0	0	
0	5	5	0	12	12	
16	16	16	0	11	11	
13	13	13	0	0	0	


True
4
0	0	0	0	9	9	
14	2	2	0	0	0	
14	0	1	1	0	5	
14	0	12	12	0	5	
6	0	0	10	10	0	
6	0	0	7	7	0	


True
4
0	11	0	0	3	0	
0	11	0	0	3	0	
0	0	1	1	0	16	
15	15	15	0	6	16	
2	0	12	0	6	16	
2	0	12	0	4	4	


True
3
0	0	0	0	0	0	
0	15	15	15	4	0	
0	11	1	1	4	0	
0	11	13	13	13	0	
9	14	14	14	0	0	
9	0	0	0	0	0	


True
7
0	12	12	13	13	13	
0	0	0	0	6	0	
0	0	1	1	6	0	
0	14	0	0	0	0	
0	14	0	0	4	4	
0	14	0	0	8	8	


True
2
0	0	0	0	0	0	
0	0	12	12	0	0	
0	0	1	1	0	0	
2	0	8	0	10	10	
2	0	8	5	5	0	
0	0	0	0	0	0	


True
5
12	12	0	14	14	14	
0	0	0	8	8	15	
6	0	1	1	0	15	
6	16	16	16	0	15	
0	0	0	10	9	0	
0	0	0	10	9	0	


True
4
4	0	0	7	0	0	
4	0	0	7	0	0	
0	0	1	1	0	5	
0	0	0	0	2	5	
10	0	9	9	2	3	
10	0	0	0	0	3	


True
4
0	0	0	11	6	0	
5	0	0	11	6	13	
5	0	1	1	0	13	
0	12	4	0	0	13	
0	12	4	8	8	0	
0	0	0	0	0	0	


True
9
4	0	0	0	0	0	
4	0	0	0	9	9	
1	1	0	0	0	13	
11	11	2	2	0	13	
0	0	5	5	0	13	
0	0	0	0	10	10	


True
4
9	0	5	5	0	0	
9	7	7	3	3	0	
1	1	0	0	0	0	
0	0	6	6	0	4	
0	0	0	0	0	4	
8	8	0	0	0	0	


True
2
9	0	0	3	3	0	
9	15	15	15	0	0	
0	0	1	1	0	0	
13	4	0	12	6	0	
13	4	0	12	6	0	
13	0	0	0	10	10	


True
3
0	0	0	0	0	12	
0	0	0	0	8	12	
0	0	1	1	8	0	
6	6	0	0	0	0	
2	13	13	13	0	0	
2	10	10	0	0	0	


True
4
11	16	16	16	0	8	
11	7	7	0	0	8	
0	0	1	1	5	0	
0	0	4	4	5	0	
0	0	0	0	0	6	
0	0	10	10	0	6	


True
1
0	0	7	7	0	0	
0	0	13	0	0	0	
0	0	13	1	1	0	
5	5	13	0	2	2	
14	14	14	0	12	12	
0	0	0	0	0	0	


True
2
0	0	0	0	10	10	
9	14	14	14	2	2	
9	0	0	1	1	13	
12	0	0	0	6	13	
12	0	0	0	6	13	
0	15	15	15	0	0	


True
5
0	0	0	0	0	0	
0	0	11	11	12	12	
1	1	0	0	13	0	
0	2	0	0	13	0	
0	2	0	7	13	0	
3	3	0	7	0	0	


True
2
12	0	0	0	0	0	
12	0	0	0	0	9	
0	0	0	1	1	9	
14	0	0	0	0	0	
14	0	0	0	10	10	
14	0	2	2	0	0	


True
4
10	5	7	7	0	0	
10	5	0	13	13	13	
1	1	0	0	0	0	
0	0	3	0	0	0	
0	0	3	0	0	0	
0	15	15	15	0	0	


True
2
13	0	3	3	0	0	
13	14	0	0	0	0	
13	14	1	1	0	0	
0	14	0	4	0	0	
0	6	6	4	12	0	
0	0	0	0	12	0	


True
1
5	5	13	0	0	0	
10	0	13	0	0	0	
10	0	13	1	1	0	
0	0	14	14	14	0	
0	9	4	2	6	0	
0	9	4	2	6	0	


True
5
8	6	0	0	0	0	
8	6	0	0	9	9	
1	1	0	0	0	14	
0	3	0	0	5	14	
0	3	10	0	5	14	
0	0	10	0	0	0	


True
2
0	14	14	14	0	9	
0	12	12	0	0	9	
0	0	1	1	0	0	
0	15	10	2	0	0	
0	15	10	2	6	6	
0	15	0	11	11	0	


True
1
3	0	0	0	8	8	
3	0	0	0	6	6	
0	4	4	1	1	0	
9	9	0	0	0	0	
0	0	2	0	0	0	
7	7	2	11	11	0	


True
11
7	7	8	0	4	4	
3	3	8	0	2	0	
0	0	1	1	2	0	
11	11	0	0	0	15	
0	0	14	14	14	15	
0	13	13	13	0	15	


True
4
9	0	0	0	0	0	
9	3	3	0	0	0	
0	13	1	1	0	10	
0	13	0	0	0	10	
0	13	0	0	0	0	
4	4	0	0	0	0	


True
3
0	0	3	3	0	0	
12	12	0	0	6	6	
0	0	1	1	0	15	
0	13	13	13	0	15	
0	0	0	0	7	15	
0	0	0	0	7	0	


True
7
0	0	0	0	0	0	
0	0	9	13	13	13	
1	1	9	0	6	0	
0	7	0	5	6	0	
0	7	0	5	0	0	
0	0	0	2	2	0	


True
2
13	13	13	3	0	0	
12	12	0	3	0	8	
0	11	11	1	1	8	
0	0	0	0	0	0	
0	0	0	0	0	0	
0	16	16	16	0	0	


True
1
0	13	13	13	0	0	
0	0	0	0	0	0	
0	8	14	1	1	0	
0	8	14	6	0	0	
12	12	14	6	0	7	
11	11	4	4	0	7	


True
3
0	8	8	0	0	0	
0	3	3	0	0	6	
5	5	1	1	0	6	
16	0	15	9	10	10	
16	0	15	9	0	0	
16	0	15	0	0	0	


True
5
16	16	16	7	8	0	
0	0	0	7	8	0	
1	1	12	0	0	0	
0	0	12	2	9	9	
0	0	0	2	0	0	
0	0	0	0	0	0	


True
3
0	12	12	0	0	0	
10	0	15	0	0	14	
10	0	15	1	1	14	
0	0	15	0	0	14	
0	9	16	16	16	0	
0	9	0	0	0	0	


True
7
6	6	0	0	0	0	
0	0	0	16	10	0	
1	1	0	16	10	0	
0	2	2	16	9	9	
0	0	8	0	12	12	
0	0	8	0	0	0	


True
3
5	0	16	16	16	6	
5	0	11	11	0	6	
14	0	1	1	0	8	
14	0	0	0	0	8	
14	0	0	10	0	0	
0	2	2	10	0	0	


False
0
0	0	0	0	14	0	
0	4	4	0	14	0	
1	1	0	0	14	0	
0	11	11	0	0	0	
0	2	0	15	15	15	
0	2	0	0	0	0	


True
1
0	16	0	0	10	10	
0	16	6	6	0	0	
9	16	0	1	1	0	
9	0	14	14	14	0	
0	0	0	0	0	0	
0	0	0	11	11	0	


True
5
0	0	0	0	2	2	
0	0	0	0	0	10	
0	0	1	1	3	10	
0	0	15	0	3	7	
0	8	15	0	0	7	
0	8	15	0	0	0	


True
7
9	0	0	0	0	0	
9	0	0	0	0	14	
16	0	1	1	3	14	
16	0	0	0	3	14	
16	0	2	2	0	0	
0	0	8	8	0	0	


True
2
8	8	5	5	0	0	
0	11	7	0	0	4	
0	11	7	1	1	4	
0	0	0	0	10	10	
3	2	0	0	12	0	
3	2	0	0	12	0	


True
5
14	14	14	0	0	0	
5	5	0	0	0	13	
8	8	0	1	1	13	
12	12	0	0	0	13	
0	0	0	0	4	4	
10	10	0	0	0	0	


True
3
0	4	4	0	0	0	
0	15	0	13	13	13	
0	15	1	1	0	6	
0	15	8	0	0	6	
10	10	8	0	0	0	
0	0	2	2	0	0	


True
17
0	0	0	15	9	0	
0	0	0	15	9	0	
1	1	0	15	0	6	
12	12	0	0	0	6	
0	16	16	16	0	0	
13	13	13	0	3	3	


True
6
0	0	0	12	0	0	
0	0	0	12	6	0	
1	1	0	0	6	16	
0	0	0	4	4	16	
3	3	0	9	10	16	
0	0	0	9	10	0	


True
7
10	10	2	5	5	14	
0	0	2	0	0	14	
1	1	0	0	0	14	
0	0	0	0	0	0	
0	0	15	15	15	0	
0	0	0	0	0	0	


True
14
0	0	0	0	10	10	
0	0	0	0	9	0	
1	1	0	13	9	4	
0	0	8	13	12	4	
3	3	8	13	12	0	
0	0	2	2	0	0	


True
13
0	0	0	9	8	8	
14	0	0	9	7	0	
14	0	1	1	7	0	
14	0	0	0	10	10	
0	3	0	4	4	0	
0	3	0	0	0	0	


True
16
0	0	10	10	2	0	
11	11	0	13	2	0	
1	1	0	13	0	0	
0	16	0	13	9	0	
0	16	0	0	9	0	
0	16	7	7	0	0	


True
1
0	0	7	0	0	0	
0	6	7	0	0	0	
0	6	0	1	1	0	
0	0	8	8	4	4	
0	2	2	0	0	9	
0	0	10	10	0	9	


True
23
0	0	0	15	0	0	
0	0	0	15	3	3	
1	1	0	15	0	0	
11	11	9	9	0	0	
0	0	8	0	0	0	
0	0	8	13	13	13	


True
1
16	0	0	0	0	2	
16	0	11	11	0	2	
16	0	10	1	1	0	
0	7	10	0	0	0	
0	7	0	9	0	6	
0	0	0	9	0	6	


True
1
9	9	0	8	8	0	
14	0	0	0	0	0	
14	0	0	1	1	0	
14	0	0	0	15	2	
0	0	0	11	15	2	
0	0	0	11	15	0	


True
30
0	0	15	8	0	0	
0	0	15	8	5	5	
1	1	15	0	0	10	
0	0	12	12	4	10	
0	0	9	9	4	0	
0	16	16	16	0	0	


True
8
5	0	0	0	0	0	
5	11	11	0	0	0	
1	1	0	0	10	0	
0	4	0	0	10	0	
0	4	0	0	9	9	
15	15	15	0	0	0	


True
3
0	3	0	12	12	0	
0	3	0	14	14	14	
7	7	1	1	0	5	
0	0	0	0	0	5	
4	0	0	2	2	0	
4	0	0	0	0	0	


True
1
0	12	0	2	2	0	
0	12	0	0	8	8	
9	9	0	1	1	0	
0	7	6	6	0	0	
0	7	3	3	0	10	
13	13	13	0	0	10	


True
2
7	0	0	4	0	12	
7	8	0	4	0	12	
0	8	1	1	0	0	
0	3	3	5	5	0	
0	0	10	10	0	0	
0	0	0	0	0	0	


True
2
0	9	9	0	0	0	
0	10	0	11	11	0	
0	10	1	1	0	0	
0	6	6	14	14	14	
4	5	0	8	8	0	
4	5	0	0	0	0	


True
5
0	0	4	0	3	3	
12	12	4	0	0	0	
1	1	0	0	0	10	
5	0	0	2	2	10	
5	0	13	13	13	0	
15	15	15	8	8	0	


True
3
0	0	0	11	11	0	
0	0	0	4	4	0	
7	7	1	1	0	0	
0	10	10	0	0	0	
15	15	15	2	2	0	
0	0	0	16	16	16	


True
1
0	0	0	5	5	0	
0	14	15	0	0	0	
0	14	15	1	1	0	
12	14	15	0	0	8	
12	0	0	0	0	8	
0	16	16	16	0	0	


True
2
0	0	0	4	0	0	
6	0	0	4	2	2	
6	0	1	1	0	0	
0	0	0	0	0	0	
0	13	13	13	12	12	
9	9	0	3	3	0	


True
3
2	0	0	3	12	0	
2	0	0	3	12	0	
0	14	1	1	5	0	
0	14	6	6	5	0	
0	14	0	0	0	0	
0	0	0	0	0	0	


True
2
7	7	14	14	14	0	
0	0	0	0	4	4	
12	12	1	1	0	0	
0	9	0	3	3	0	
0	9	2	16	16	16	
0	0	2	0	0	0	


True
5
0	3	3	11	11	0	
9	0	0	0	0	0	
9	0	1	1	0	5	
0	13	15	15	15	5	
0	13	0	2	0	4	
0	13	0	2	0	4	


True
3
0	16	0	10	0	0	
0	16	0	10	0	3	
0	16	1	1	0	3	
9	15	15	15	0	0	
9	0	4	4	11	0	
0	0	0	0	11	0	


True
10
2	0	0	0	0	13	
2	12	12	0	0	13	
0	0	1	1	4	13	
0	0	14	0	4	0	
0	0	14	0	5	5	
0	0	14	0	8	8	


True
2
0	12	12	0	7	7	
0	16	16	16	8	8	
0	0	1	1	0	0	
0	0	3	3	0	0	
0	0	14	14	14	0	
0	0	0	0	0	0	


True
17
0	4	16	9	0	15	
0	4	16	9	2	15	
1	1	16	0	2	15	
0	0	0	5	0	0	
0	10	0	5	0	0	
0	10	8	8	0	0	


True
8
0	0	0	0	0	0	
0	0	0	0	0	0	
1	1	0	0	10	0	
3	3	0	0	10	0	
0	2	2	0	11	11	
16	16	16	0	0	0	


True
2
7	7	6	0	0	0	
8	8	6	0	0	0	
13	0	1	1	0	0	
13	0	2	10	0	0	
13	11	2	10	12	0	
0	11	0	0	12	0	


True
2
13	13	13	0	0	0	
5	12	12	0	0	0	
5	0	1	1	0	0	
2	2	7	7	16	0	
3	15	15	15	16	11	
3	0	0	0	16	11	


True
2
0	0	0	0	0	0	
2	0	0	0	0	6	
2	8	8	1	1	6	
4	3	3	0	12	12	
4	0	0	0	11	0	
15	15	15	0	11	0	


True
1
0	0	0	0	0	0	
0	0	0	0	3	3	
0	13	0	1	1	0	
0	13	0	0	0	0	
5	13	8	0	0	0	
5	0	8	14	14	14	


True
7
0	0	0	0	10	10	
6	6	13	13	13	0	
1	1	9	0	0	0	
3	0	9	15	0	0	
3	5	0	15	0	0	
0	5	0	15	2	2	


True
10
2	0	0	4	4	0	
2	0	0	0	0	0	
1	1	13	0	0	0	
3	0	13	0	0	0	
3	0	13	0	9	12	
0	0	5	5	9	12	


True
5
0	0	13	13	13	0	
0	16	16	16	0	0	
1	1	0	0	0	0	
0	2	2	0	0	7	
0	0	0	6	6	7	
0	0	15	15	15	0	


True
3
0	13	13	13	0	0	
0	0	0	0	0	2	
0	0	1	1	0	2	
0	0	0	0	0	0	
6	6	0	0	4	4	
5	5	0	0	0	0	


True
1
11	11	0	12	12	0	
13	0	0	0	0	0	
13	3	3	1	1	0	
13	0	0	14	2	0	
0	0	0	14	2	0	
8	8	0	14	10	10	


True
1
10	10	0	5	0	0	
0	0	0	5	0	0	
0	0	0	1	1	0	
15	15	15	8	0	2	
7	7	0	8	0	2	
9	9	0	6	6	0	


True
2
12	12	0	5	2	2	
0	0	0	5	0	0	
0	0	1	1	0	0	
0	16	0	0	11	11	
0	16	0	0	0	0	
0	16	0	8	8	0	


True
13
0	0	0	0	3	3	
0	0	0	0	8	0	
0	0	1	1	8	0	
16	16	16	0	0	0	
0	11	11	5	5	2	
14	14	14	0	0	2	


True
5
0	0	0	0	0	0	
0	0	0	0	9	10	
4	4	1	1	9	10	
14	2	2	0	0	3	
14	0	0	7	0	3	
14	0	0	7	0	0	


True
2
0	0	0	7	7	0	
16	13	0	0	0	0	
16	13	1	1	0	0	
16	13	0	0	0	0	
15	15	15	0	0	8	
0	0	0	12	12	8	


True
10
6	7	0	0	4	14	
6	7	0	0	4	14	
2	0	1	1	0	14	
2	16	16	16	0	0	
8	8	0	0	5	0	
0	0	9	9	5	0	


True
1
0	0	0	7	0	0	
0	0	0	7	0	0	
2	2	0	1	1	0	
0	0	0	14	14	14	
11	11	5	6	0	0	
0	0	5	6	0	0	


True
6
0	4	4	2	0	0	
0	6	0	2	0	15	
0	6	1	1	0	15	
13	0	14	14	14	15	
13	0	3	3	0	0	
13	0	0	0	0	0	


True
4
0	0	0	3	3	0	
0	0	0	4	4	0	
1	1	0	0	0	0	
0	9	0	0	5	0	
0	9	0	0	5	0	
0	2	2	0	0	0	


True
2
0	6	6	11	11	0	
13	0	7	0	0	5	
13	0	7	1	1	5	
13	0	0	0	0	0	
3	0	14	14	14	0	
3	0	10	10	0	0	


True
8
5	0	0	0	3	0	
5	0	0	0	3	0	
0	0	1	1	0	16	
9	9	13	0	0	16	
0	0	13	0	0	16	
4	4	13	15	15	15	


True
2
0	0	0	0	0	0	
0	0	0	9	9	0	
8	8	1	1	0	0	
0	2	10	0	0	0	
0	2	10	0	0	0	
0	14	14	14	0	0	


True
2
7	7	3	0	0	0	
0	0	3	0	0	0	
4	0	1	1	0	0	
4	15	0	8	5	5	
0	15	0	8	0	0	
0	15	0	0	0	0	


True
6
12	12	0	13	13	13	
0	0	16	16	16	0	
1	1	0	0	0	0	
0	0	11	3	3	0	
0	0	11	0	0	0	
2	2	0	8	8	0	


True
5
0	0	0	0	0	0	
13	13	13	0	6	6	
3	3	1	1	0	2	
11	11	0	0	0	2	
0	0	0	14	14	14	
0	0	0	0	0	0	


True
2
0	0	2	2	0	9	
0	10	10	8	8	9	
3	3	1	1	0	0	
0	0	14	14	14	0	
0	0	0	0	0	12	
0	0	11	11	0	12	


True
7
0	0	0	0	0	9	
11	4	4	0	13	9	
11	0	1	1	13	10	
0	0	5	0	13	10	
0	0	5	0	0	0	
0	0	0	0	0	0	


True
14
0	0	0	0	3	14	
0	0	0	0	3	14	
10	10	0	1	1	14	
0	0	11	11	7	7	
0	15	15	15	0	0	
0	0	0	0	12	12	


True
2
5	5	0	0	2	0	
0	0	4	4	2	0	
11	0	14	1	1	16	
11	0	14	8	0	16	
0	0	14	8	0	16	
3	3	0	0	0	0	


True
1
0	0	0	9	0	0	
0	0	12	9	4	4	
8	0	12	1	1	0	
8	0	0	14	14	14	
0	6	10	0	11	11	
0	6	10	16	16	16	


True
3
16	6	6	0	11	0	
16	10	10	0	11	4	
16	0	1	1	0	4	
9	0	0	0	0	0	
9	0	0	0	3	0	
0	0	0	0	3	0	


True
9
16	16	16	0	15	0	
0	0	10	10	15	0	
14	0	1	1	15	0	
14	0	0	9	0	0	
14	2	2	9	0	5	
0	0	0	0	0	5	


True
5
0	0	2	2	0	0	
12	12	0	0	0	4	
1	1	0	0	0	4	
0	13	13	13	15	16	
0	8	0	0	15	16	
0	8	6	6	15	16	


True
12
0	7	7	12	9	9	
6	0	0	12	13	0	
6	0	1	1	13	0	
14	14	14	0	13	10	
11	11	0	0	0	10	
0	0	0	15	15	15	


True
3
0	14	0	0	10	10	
4	14	0	15	15	15	
4	14	1	1	0	0	
0	0	12	13	5	0	
0	0	12	13	5	0	
9	9	0	13	2	2	


True
2
0	0	9	0	0	2	
11	11	9	7	7	2	
8	8	1	1	0	0	
0	14	14	14	0	0	
0	0	4	15	15	15	
0	0	4	0	0	0	


True
4
16	16	16	0	0	0	
14	14	14	0	12	4	
3	0	1	1	12	4	
3	0	0	0	0	9	
0	0	0	6	6	9	
0	0	0	0	0	0	


True
1
0	14	0	0	0	0	
0	14	0	0	0	0	
0	14	0	1	1	0	
0	15	15	15	13	12	
7	7	3	0	13	12	
0	0	3	0	13	0	


True
11
12	0	0	10	10	0	
12	0	0	0	2	0	
1	1	0	0	2	4	
3	3	0	14	0	4	
0	0	11	14	0	5	
8	8	11	14	0	5	


True
2
0	0	0	0	7	0	
0	0	0	0	7	8	
0	10	10	1	1	8	
0	0	0	5	5	0	
11	0	0	6	4	4	
11	0	0	6	0	0	


True
2
7	7	0	0	0	0	
15	15	15	0	9	9	
0	0	1	1	0	0	
16	12	0	0	6	10	
16	12	0	0	6	10	
16	0	0	0	0	0	


True
1
11	11	4	2	2	7	
12	0	4	9	9	7	
12	0	0	1	1	0	
0	0	0	16	16	16	
0	0	0	0	0	0	
0	8	8	0	0	0	


True
5
11	11	0	15	15	15	
7	3	10	10	0	6	
7	3	1	1	0	6	
16	2	5	0	14	0	
16	2	5	0	14	4	
16	0	0	0	14	4	


True
2
0	0	0	0	0	0	
0	0	3	3	11	11	
10	0	1	1	0	0	
10	0	6	0	4	0	
0	0	6	0	4	7	
2	2	0	0	0	7	


True
6
0	2	0	0	0	6	
0	2	0	10	10	6	
1	1	0	0	0	5	
0	0	12	12	0	5	
0	0	0	0	0	0	
0	0	14	14	14	0	


True
12
0	0	0	0	9	0	
0	0	11	0	9	0	
1	1	11	0	0	16	
2	2	4	4	0	16	
0	3	0	0	7	16	
0	3	0	0	7	0	


True
2
10	10	0	11	11	0	
0	0	0	0	0	0	
0	0	1	1	0	0	
13	13	13	0	0	0	
0	3	6	6	0	0	
0	3	0	0	0	0	


True
4
0	12	12	5	5	0	
0	0	0	15	15	15	
1	1	0	0	0	0	
0	0	10	10	0	0	
11	11	0	0	7	0	
0	0	3	3	7	0	


True
12
0	0	12	13	8	8	
0	0	12	13	0	0	
1	1	0	13	0	0	
0	2	0	0	0	0	
9	2	0	0	0	0	
9	0	16	16	16	0	


True
2
0	0	6	6	7	2	
8	8	0	0	7	2	
0	0	0	1	1	16	
0	12	12	0	0	16	
0	0	11	11	0	16	
0	0	14	14	14	0	


True
1
0	0	0	0	0	0	
4	4	0	0	0	0	
11	11	3	1	1	0	
0	0	3	14	14	14	
7	7	0	0	0	0	
0	0	0	0	0	0	


True
8
0	0	0	0	0	0	
13	13	13	0	10	10	
1	1	5	15	0	0	
2	0	5	15	0	6	
2	0	0	15	0	6	
0	0	0	0	0	0	


True
1
0	0	14	14	14	0	
0	0	0	7	7	0	
12	12	0	1	1	0	
0	0	13	0	2	0	
11	11	13	0	2	0	
6	6	13	0	0	0	


True
8
4	15	15	15	0	2	
4	0	7	7	0	2	
1	1	14	0	0	0	
0	0	14	12	12	0	
0	0	14	0	0	0	
0	0	0	11	11	0	


True
10
10	10	0	0	0	0	
0	0	12	12	0	0	
1	1	0	16	13	8	
0	0	0	16	13	8	
3	0	0	16	13	0	
3	0	9	9	0	0	


True
1
0	0	0	0	0	0	
4	0	6	6	0	0	
4	0	0	1	1	0	
0	2	2	0	0	0	
9	9	5	5	12	12	
0	0	0	14	14	14	


True
2
0	0	0	0	0	0	
0	8	8	0	0	0	
0	0	1	1	0	0	
15	15	15	16	0	5	
12	0	0	16	7	5	
12	0	0	16	7	0	


True
6
0	0	0	15	15	15	
0	0	0	0	0	0	
1	1	0	10	12	0	
0	9	9	10	12	13	
3	0	0	0	0	13	
3	0	11	11	0	13	


True
1
12	6	0	11	0	0	
12	6	0	11	0	0	
9	0	0	1	1	0	
9	10	10	0	13	3	
2	2	0	0	13	3	
0	0	0	0	13	0	


True
3
0	16	16	16	0	0	
14	14	14	4	4	0	
0	5	1	1	10	0	
0	5	0	0	10	0	
13	13	13	0	0	7	
0	0	8	8	0	7	


True
3
0	0	15	15	15	0	
4	0	6	6	0	0	
4	0	1	1	0	3	
12	0	0	0	13	3	
12	7	10	10	13	0	
0	7	0	0	13	0	


True
2
14	0	8	0	0	0	
14	0	8	0	0	0	
14	0	1	1	0	0	
0	0	0	0	0	0	
6	11	4	4	9	9	
6	11	0	0	0	0	


True
2
12	16	16	16	11	0	
12	15	15	15	11	0	
0	0	1	1	0	0	
0	3	0	0	0	0	
0	3	8	8	4	4	
0	0	0	0	0	0	


True
2
12	12	8	0	0	2	
0	0	8	0	0	2	
15	0	1	1	0	0	
15	0	0	7	9	9	
15	0	0	7	0	0	
10	10	5	5	0	0	


True
3
0	0	0	0	0	11	
0	0	0	0	3	11	
0	7	1	1	3	0	
0	7	15	15	15	0	
0	0	13	13	13	0	
0	0	0	10	10	0	


True
3
13	0	0	0	0	0	
13	0	8	8	3	3	
13	12	1	1	0	4	
0	12	0	0	0	4	
16	16	16	7	7	0	
0	0	0	15	15	15	


True
1
0	0	0	0	0	0	
5	0	0	0	0	0	
5	0	0	1	1	0	
8	8	0	0	3	3	
0	10	0	0	11	0	
0	10	2	2	11	0	


True
1
13	0	15	0	0	0	
13	0	15	0	6	6	
13	0	15	1	1	0	
0	12	12	11	11	0	
0	0	0	0	0	0	
0	0	2	2	5	5	


True
4
0	0	0	13	13	13	
0	0	0	0	0	0	
1	1	0	0	0	0	
15	0	0	8	0	0	
15	0	0	8	0	0	
15	0	0	10	10	0	


True
5
12	0	11	11	0	0	
12	0	0	0	15	0	
0	0	1	1	15	0	
0	0	0	10	15	7	
0	0	0	10	0	7	
0	13	13	13	0	0	


True
1
7	12	12	0	0	0	
7	14	0	0	0	0	
11	14	0	1	1	0	
11	14	0	0	3	8	
0	0	4	0	3	8	
0	0	4	0	0	0	


True
2
0	0	16	16	16	0	
0	0	0	0	0	0	
0	0	1	1	0	0	
0	13	13	13	3	3	
0	0	0	0	6	6	
15	15	15	0	0	0	


True
3
0	0	0	0	0	0	
5	5	0	0	10	0	
0	0	1	1	10	0	
0	12	0	3	3	0	
0	12	0	11	11	0	
4	4	9	9	0	0	


True
8
0	0	0	0	0	11	
14	13	13	13	16	11	
14	0	1	1	16	0	
14	0	0	0	16	0	
0	4	0	5	0	2	
0	4	0	5	0	2	


True
8
14	14	14	0	7	7	
0	2	2	0	10	10	
1	1	0	3	0	15	
8	8	0	3	0	15	
12	0	0	0	0	15	
12	0	0	9	9	0	


True
1
0	0	11	11	5	0	
0	16	16	16	5	0	
15	15	15	1	1	0	
0	0	0	0	0	10	
0	6	6	0	0	10	
2	2	7	7	3	3	


True
8
7	7	0	9	9	13	
0	0	12	12	0	13	
0	0	1	1	0	13	
0	15	15	15	0	0	
0	0	8	0	6	0	
0	0	8	0	6	0	


True
6
0	0	0	0	0	0	
0	0	7	7	2	0	
1	1	0	0	2	0	
0	0	14	14	14	0	
11	11	6	6	5	5	
0	0	0	0	0	0	


True
8
13	6	6	0	2	14	
13	0	3	3	2	14	
13	0	1	1	0	14	
0	0	15	15	15	0	
8	8	0	0	0	0	
0	0	0	0	0	0	


True
5
0	9	9	0	0	0	
0	3	0	0	0	0	
0	3	1	1	4	12	
13	6	6	0	4	12	
13	0	0	0	0	0	
13	7	7	0	0	0	


True
1
15	0	11	0	9	9	
15	0	11	13	13	13	
15	0	0	1	1	0	
8	0	16	0	0	0	
8	0	16	2	2	0	
0	0	16	0	3	3	


True
2
0	0	0	0	7	7	
0	0	5	5	0	0	
0	0	1	1	0	0	
0	13	10	0	9	0	
2	13	10	0	9	0	
2	13	15	15	15	0	


True
4
7	13	5	0	10	10	
7	13	5	0	0	12	
0	13	1	1	0	12	
0	0	0	0	4	4	
14	14	14	9	0	0	
0	0	0	9	0	0	


True
1
0	0	0	0	0	0	
0	0	0	0	0	0	
0	16	0	1	1	0	
15	16	0	12	12	0	
15	16	0	0	9	9	
15	5	5	0	0	0	


True
3
0	15	12	12	0	0	
0	15	7	7	0	0	
0	15	1	1	5	0	
6	0	0	0	5	0	
6	13	13	13	0	0	
2	2	10	10	0	0	


True
5
0	0	8	0	0	0	
10	0	8	0	0	16	
10	0	1	1	0	16	
12	12	0	0	0	16	
0	0	0	7	7	0	
5	5	0	2	2	0	


True
4
15	3	0	0	0	0	
15	3	0	2	2	0	
15	10	1	1	0	14	
8	10	0	0	0	14	
8	0	0	7	7	14	
0	0	0	9	9	0	


True
2
13	0	0	0	0	5	
13	0	0	0	0	5	
13	3	3	1	1	8	
4	11	0	0	9	8	
4	11	6	6	9	0	
0	0	0	0	0	0	


True
6
0	0	2	2	0	0	
15	6	6	0	10	0	
15	0	1	1	10	7	
15	0	0	11	11	7	
0	0	0	12	0	4	
0	0	0	12	0	4	


True
17
0	7	7	0	2	2	
12	12	6	6	3	0	
1	1	0	0	3	0	
15	11	11	0	4	4	
15	8	8	0	0	0	
15	0	0	0	0	0	


True
1
0	0	0	13	13	13	
0	0	0	2	2	0	
3	0	5	1	1	0	
3	0	5	0	0	0	
4	0	9	7	0	0	
4	0	9	7	0	0	


True
3
2	12	0	0	0	0	
2	12	0	13	13	13	
0	0	1	1	0	16	
0	0	0	3	0	16	
11	11	0	3	0	16	
0	0	0	0	0	0	


True
2
0	0	0	11	0	0	
10	10	0	11	5	5	
9	7	1	1	0	0	
9	7	6	6	0	0	
0	8	2	2	0	0	
0	8	0	0	0	0	


True
2
3	0	0	0	0	0	
3	0	16	16	16	0	
0	0	1	1	0	0	
6	6	0	12	0	0	
0	8	8	12	7	7	
0	0	0	0	10	10	


True
2
7	7	0	16	16	16	
0	15	0	13	13	13	
12	15	1	1	0	0	
12	15	0	0	2	2	
6	0	0	3	3	0	
6	0	0	0	0	0	


True
4
0	0	0	0	2	0	
12	9	9	0	2	13	
12	0	1	1	0	13	
0	0	0	0	0	13	
11	5	5	3	0	0	
11	0	0	3	0	0	


True
2
0	0	9	9	2	2	
0	0	0	0	3	3	
0	0	1	1	0	0	
7	0	0	12	12	0	
7	0	0	0	8	8	
14	14	14	11	11	0	


True
1
0	13	0	15	15	15	
4	13	0	0	0	0	
4	13	7	1	1	0	
0	5	7	0	12	12	
0	5	0	0	0	0	
9	9	0	0	0	0	


True
9
0	6	0	0	7	0	
0	6	4	0	7	2	
1	1	4	11	14	2	
0	0	0	11	14	12	
0	0	0	0	14	12	
13	13	13	0	0	0	


True
9
0	12	12	2	0	13	
14	0	0	2	0	13	
14	0	1	1	0	13	
14	16	16	16	0	0	
10	0	0	11	11	0	
10	0	9	9	0	0	


True
2
0	10	12	14	14	14	
0	10	12	0	0	0	
11	11	1	1	0	0	
7	7	0	3	3	0	
0	0	5	4	4	0	
0	0	5	9	9	0	


True
6
0	0	7	7	0	0	
0	14	0	13	13	13	
3	14	1	1	0	16	
3	14	6	0	0	16	
0	0	6	10	10	16	
15	15	15	0	12	12	


True
3
0	0	0	0	4	0	
0	0	0	0	4	0	
0	5	1	1	15	0	
0	5	0	14	15	0	
8	0	0	14	15	0	
8	0	0	14	0	0	


True
6
0	11	0	2	0	0	
0	11	0	2	0	0	
1	1	0	0	14	0	
16	0	0	0	14	0	
16	0	3	0	14	8	
16	0	3	0	0	8	


True
2
0	0	0	8	4	2	
0	11	11	8	4	2	
0	16	1	1	0	0	
0	16	0	7	0	6	
0	16	0	7	10	6	
0	5	5	0	10	0	


True
12
0	5	0	12	0	4	
0	5	0	12	16	4	
0	0	1	1	16	0	
0	14	14	14	16	0	
0	0	0	15	15	15	
0	0	0	0	0	0	


True
5
0	0	0	0	0	0	
16	16	16	0	0	0	
1	1	0	10	0	0	
0	0	0	10	9	0	
0	11	11	0	9	0	
0	5	5	6	6	0	


True
3
0	0	2	0	4	0	
0	0	2	0	4	0	
0	0	1	1	16	0	
0	5	3	3	16	0	
0	5	0	10	16	0	
15	15	15	10	0	0	


True
2
0	0	0	12	0	0	
14	8	0	12	0	0	
14	8	1	1	0	0	
14	0	0	10	0	0	
0	7	0	10	3	3	
0	7	0	0	5	5	


True
3
12	0	0	0	0	0	
12	2	0	0	0	9	
15	2	1	1	0	9	
15	0	0	3	3	11	
15	13	13	13	0	11	
5	5	0	0	4	4	


True
4
13	13	13	12	0	7	
0	0	0	12	6	7	
0	0	1	1	6	0	
5	0	0	0	0	0	
5	0	0	0	4	0	
0	0	0	0	4	0	


True
8
2	2	0	8	8	0	
0	0	3	3	6	0	
9	0	1	1	6	0	
9	15	0	0	0	0	
0	15	0	0	0	0	
0	15	0	12	12	0	


True
14
6	6	0	0	13	0	
0	0	0	0	13	0	
0	0	1	1	13	0	
8	0	0	0	9	9	
8	0	0	0	4	4	
0	0	0	10	10	0	


True
5
0	0	0	12	0	0	
11	0	0	12	8	0	
11	5	1	1	8	2	
14	5	0	0	0	2	
14	0	6	6	0	0	
14	0	0	0	0	0	


True
13
0	3	0	0	2	2	
0	3	0	0	12	4	
0	0	1	1	12	4	
13	0	0	0	0	5	
13	0	0	10	10	5	
13	0	0	15	15	15	


True
3
0	0	0	0	10	10	
0	4	4	0	0	0	
0	0	1	1	15	0	
14	14	14	0	15	0	
0	5	5	0	15	0	
0	16	16	16	0	0	


True
3
7	14	14	14	0	0	
7	10	10	0	0	0	
0	0	1	1	0	9	
0	0	0	6	6	9	
0	12	12	0	0	0	
0	0	15	15	15	0	


True
3
0	0	0	3	0	0	
0	10	0	3	0	5	
0	10	1	1	0	5	
0	8	0	0	13	0	
0	8	2	2	13	0	
0	0	0	0	13	0	


True
24
0	10	10	4	11	0	
0	0	3	4	11	2	
1	1	3	9	0	2	
0	0	0	9	0	16	
0	0	0	5	5	16	
0	8	8	0	0	16	


True
1
0	0	0	7	7	0	
0	11	0	0	0	0	
0	11	0	1	1	0	
10	0	0	0	6	0	
10	0	12	0	6	9	
3	3	12	0	0	9	


True
2
4	4	0	5	0	0	
12	12	0	5	0	11	
0	0	0	1	1	11	
0	0	3	3	7	0	
0	15	15	15	7	0	
0	0	0	0	0	0	


True
2
0	3	0	7	7	0	
0	3	0	16	16	16	
0	0	1	1	0	0	
9	9	0	0	0	0	
0	4	4	8	8	0	
0	13	13	13	0	0	


True
2
0	6	0	0	0	0	
0	6	11	11	0	0	
5	5	1	1	0	0	
0	4	0	0	0	0	
0	4	0	0	8	8	
0	0	0	0	0	0	


True
1
0	7	7	0	0	0	
0	8	8	4	4	0	
12	12	0	1	1	0	
0	0	0	0	6	6	
0	0	11	0	0	0	
0	0	11	0	5	5	


True
3
0	0	5	0	0	0	
14	0	5	0	12	0	
14	0	1	1	12	0	
14	0	0	0	8	0	
7	7	2	0	8	0	
0	0	2	0	0	0	


True
5
8	8	0	0	0	0	
0	0	0	0	0	16	
0	0	1	1	0	16	
2	0	0	11	11	16	
2	3	3	0	0	0	
5	5	0	12	12	0	


True
6
0	2	2	0	7	7	
0	0	6	6	0	9	
0	0	1	1	15	9	
0	0	11	0	15	0	
0	0	11	0	15	0	
0	0	0	0	0	0	


True
3
5	5	0	4	0	0	
0	8	0	4	0	3	
0	8	1	1	0	3	
14	0	0	0	0	0	
14	0	0	0	0	0	
14	0	15	15	15	0	


True
3
0	12	12	0	0	0	
5	0	0	0	0	0	
5	0	1	1	0	6	
0	0	0	0	9	6	
0	4	4	0	9	0	
2	2	0	13	13	13	


True
6
0	8	0	0	11	2	
0	8	0	0	11	2	
1	1	0	9	0	15	
0	0	0	9	0	15	
0	0	0	0	0	15	
4	4	0	0	0	0	


True
1
14	14	14	0	0	0	
0	0	7	7	0	0	
16	16	16	1	1	0	
0	0	2	2	0	0	
0	13	13	13	8	0	
0	0	10	10	8	0	


True
1
0	0	12	12	11	0	
5	5	9	0	11	0	
0	0	9	1	1	0	
8	15	0	0	0	0	
8	15	0	6	0	2	
0	15	0	6	0	2	


True
1
0	0	0	10	0	0	
9	9	0	10	0	0	
0	3	3	1	1	0	
16	6	0	0	4	0	
16	6	5	0	4	2	
16	0	5	7	7	2	


True
1
13	13	13	0	5	0	
0	0	0	0	5	0	
0	0	0	1	1	0	
0	10	10	0	0	0	
2	2	0	0	7	11	
0	0	3	3	7	11	


True
2
3	4	4	0	0	2	
3	0	0	0	0	2	
0	0	1	1	0	0	
0	0	6	0	9	9	
0	0	6	7	0	0	
5	5	0	7	0	0	


True
1
0	15	15	15	0	0	
0	0	0	0	8	8	
9	5	5	1	1	0	
9	6	6	7	7	0	
0	0	0	0	0	0	
14	14	14	0	0	0	


True
1
0	8	8	10	0	9	
0	11	11	10	0	9	
2	2	0	1	1	0	
0	7	7	0	0	0	
0	0	0	5	5	0	
0	0	0	0	0	0	


True
1
0	0	0	11	11	0	
0	0	0	0	0	0	
0	0	0	1	1	0	
3	3	0	16	16	16	
0	8	15	15	15	0	
0	8	0	0	0	0	


True
3
10	0	0	12	12	0	
10	16	0	0	0	5	
0	16	1	1	0	5	
0	16	0	0	0	0	
0	0	0	7	7	6	
0	14	14	14	0	6	


True
2
9	9	0	13	13	13	
0	4	4	0	0	0	
0	0	1	1	0	0	
0	0	0	11	0	0	
0	3	3	11	0	8	
0	14	14	14	0	8	


True
12
8	10	0	0	0	0	
8	10	0	0	0	14	
1	1	4	0	0	14	
0	13	4	0	15	14	
11	13	0	0	15	0	
11	13	0	0	15	0	


True
3
0	0	0	0	0	0	
6	6	0	0	4	0	
10	0	1	1	4	0	
10	16	0	0	12	12	
0	16	0	0	0	8	
0	16	0	0	0	8	


True
3
0	0	3	0	0	0	
0	0	3	0	0	0	
9	0	1	1	6	0	
9	4	5	0	6	0	
0	4	5	0	0	0	
0	0	13	13	13	0	


True
10
0	0	0	0	11	0	
0	14	14	14	11	9	
1	1	0	0	13	9	
12	12	10	10	13	0	
4	0	3	3	13	0	
4	0	0	15	15	15	


True
2
0	0	2	0	0	0	
0	0	2	0	0	0	
3	0	1	1	0	0	
3	0	0	16	9	9	
5	5	8	16	10	10	
0	0	8	16	0	0	


True
2
0	0	8	8	0	5	
0	0	0	0	0	5	
12	12	1	1	0	0	
16	16	16	0	0	0	
4	4	0	0	0	9	
15	15	15	7	7	9	


True
3
0	0	0	0	7	0	
0	0	0	0	7	2	
0	0	1	1	0	2	
0	0	0	13	13	13	
0	0	4	0	0	0	
0	0	4	0	6	6	


True
10
4	9	9	6	6	0	
4	16	16	16	0	0	
0	0	1	1	10	0	
0	5	0	0	10	0	
0	5	0	0	11	11	
0	0	3	3	0	0	


True
5
0	3	11	0	0	0	
0	3	11	0	0	14	
0	4	4	1	1	14	
2	7	7	0	0	14	
2	0	0	0	9	9	
0	0	0	0	0	0	


True
11
0	0	0	0	0	13	
0	0	0	0	0	13	
0	0	1	1	0	13	
8	14	14	14	12	12	
8	5	6	6	0	0	
0	5	0	0	0	0	


True
5
11	0	5	8	10	7	
11	0	5	8	10	7	
1	1	0	0	0	12	
0	0	6	6	0	12	
0	0	0	0	0	0	
15	15	15	4	4	0	


True
11
0	0	0	0	0	0	
0	0	16	16	16	0	
1	1	0	0	8	0	
0	0	11	11	8	13	
3	3	9	0	2	13	
0	0	9	0	2	13	


True
23
0	0	15	10	10	0	
0	0	15	0	0	7	
1	1	15	0	0	7	
2	2	0	0	16	0	
0	0	6	6	16	0	
0	0	5	5	16	0	


True
18
0	0	6	0	0	16	
0	0	6	3	0	16	
1	1	0	3	4	16	
12	12	0	0	4	0	
0	0	0	14	14	14	
0	8	8	0	0	0	


True
2
0	16	16	16	8	11	
3	0	0	0	8	11	
3	0	1	1	0	0	
0	0	0	0	12	0	
7	7	0	0	12	4	
0	0	0	0	0	4	


True
2
7	7	0	0	0	0	
4	4	0	0	12	12	
8	8	1	1	0	0	
0	0	0	14	14	14	
0	15	15	15	9	9	
0	0	0	0	0	0	


True
2
11	0	0	0	10	10	
11	4	4	16	16	16	
5	5	1	1	0	0	
12	12	8	8	0	9	
2	15	15	15	0	9	
2	0	14	14	14	0	


True
7
0	0	7	3	3	0	
0	0	7	15	15	15	
1	1	0	0	0	0	
4	4	0	0	0	0	
0	6	6	0	0	0	
0	16	16	16	5	5	


True
9
0	0	0	0	0	15	
0	0	2	2	0	15	
14	8	1	1	0	15	
14	8	13	13	13	0	
14	0	16	16	16	0	
4	4	0	0	10	10	


True
5
0	0	0	0	12	12	
9	16	16	16	0	10	
9	0	1	1	0	10	
0	0	0	0	0	0	
11	11	0	0	0	0	
0	0	7	7	6	6	


True
2
0	0	0	0	0	0	
0	6	0	0	8	8	
0	6	1	1	0	0	
0	0	0	0	0	12	
0	0	0	10	9	12	
0	0	0	10	9	0	


True
1
0	12	0	2	6	6	
0	12	0	2	0	0	
14	14	14	1	1	0	
3	3	0	0	0	0	
0	0	0	7	7	0	
0	0	0	0	0	0	


True
2
0	0	3	10	10	0	
0	11	3	0	0	0	
0	11	1	1	0	0	
6	12	0	0	5	5	
6	12	0	0	0	0	
0	8	8	9	9	0	


True
4
0	12	0	0	0	0	
0	12	0	9	9	3	
0	0	1	1	6	3	
0	4	4	0	6	0	
0	0	0	0	0	0	
0	0	0	5	5	0	


True
5
0	0	2	2	0	0	
0	0	0	0	3	0	
0	0	1	1	3	9	
0	0	15	15	15	9	
0	4	12	0	10	10	
0	4	12	8	8	0	


True
3
4	4	0	0	7	7	
15	0	5	5	11	11	
15	0	1	1	3	0	
15	14	0	0	3	0	
12	14	10	10	0	0	
12	14	0	0	0	0	


True
2
6	6	0	10	0	0	
0	5	0	10	0	0	
0	5	1	1	0	0	
8	0	16	16	16	0	
8	0	0	0	0	12	
0	0	0	0	0	12	


True
3
0	8	8	0	0	5	
9	9	0	0	7	5	
16	2	1	1	7	0	
16	2	0	0	4	0	
16	6	0	0	4	0	
0	6	0	0	0	0	


True
2
0	2	2	9	9	0	
5	11	11	0	0	0	
5	0	1	1	0	0	
0	12	0	0	0	0	
0	12	0	4	4	0	
0	0	0	0	0	0	


True
11
0	0	3	3	10	13	
0	0	0	0	10	13	
0	0	1	1	0	13	
9	0	6	0	7	7	
9	0	6	0	0	0	
0	0	8	8	5	5	


True
2
12	12	0	0	0	0	
0	6	6	0	0	0	
4	0	1	1	0	0	
4	0	0	13	0	0	
0	10	10	13	7	11	
0	0	0	13	7	11	


True
15
16	16	16	0	0	0	
0	0	3	3	14	13	
0	0	1	1	14	13	
0	0	0	0	14	13	
0	6	6	0	7	7	
0	0	0	0	0	0	


True
4
12	12	0	2	0	10	
14	14	14	2	0	10	
1	1	0	0	0	0	
0	15	15	15	9	9	
0	7	7	11	0	0	
0	6	6	11	0	0	


True
1
9	10	0	7	7	0	
9	10	15	8	8	0	
0	12	15	1	1	0	
0	12	15	0	0	14	
0	0	0	0	0	14	
0	0	11	11	0	14	


True
2
15	15	15	10	0	0	
0	0	0	10	0	0	
0	0	1	1	0	0	
0	8	2	7	0	3	
0	8	2	7	5	3	
14	14	14	0	5	0	


True
1
0	0	0	0	3	3	
0	6	6	0	0	0	
0	11	11	1	1	0	
0	0	0	14	14	14	
8	8	0	7	10	5	
0	0	0	7	10	5	


True
5
14	0	0	0	6	0	
14	0	0	0	6	9	
14	0	1	1	7	9	
5	5	0	0	7	0	
0	0	8	0	0	0	
0	0	8	0	0	0	


True
2
0	0	16	0	0	0	
0	0	16	2	2	3	
0	0	16	1	1	3	
0	0	9	9	0	0	
0	11	11	0	0	0	
0	0	0	0	0	0	


True
2
0	0	0	10	0	0	
0	0	0	10	4	4	
0	8	8	1	1	6	
0	0	0	2	16	6	
0	0	0	2	16	0	
0	0	0	0	16	0	


True
1
3	0	0	0	0	0	
3	0	15	15	15	0	
12	6	6	1	1	0	
12	7	0	10	10	0	
0	7	0	0	0	0	
0	0	13	13	13	0	


True
11
0	16	16	16	8	0	
0	0	0	0	8	0	
1	1	14	3	0	15	
0	11	14	3	7	15	
0	11	14	0	7	15	
4	4	0	0	0	0	


True
4
0	9	9	0	0	0	
4	0	0	0	7	0	
4	0	1	1	7	0	
3	14	0	6	0	0	
3	14	0	6	0	0	
0	14	13	13	13	0	


True
8
0	10	10	0	0	0	
5	0	0	0	0	4	
5	0	1	1	3	4	
0	7	7	0	3	0	
0	0	0	11	11	0	
0	14	14	14	0	0	


True
3
0	13	13	13	0	0	
0	4	4	0	8	0	
0	0	1	1	8	0	
0	14	0	6	6	0	
0	14	9	0	0	0	
0	14	9	2	2	0	


True
13
0	0	0	0	0	0	
0	9	9	15	0	0	
1	1	7	15	0	0	
8	0	7	15	0	0	
8	6	0	0	0	0	
0	6	10	10	0	0	


True
5
0	13	0	0	0	0	
0	13	0	0	0	0	
7	13	1	1	0	11	
7	0	0	0	0	11	
0	8	0	10	0	3	
0	8	0	10	0	3	


True
2
0	0	13	13	13	0	
8	8	0	0	12	12	
0	0	1	1	0	0	
0	4	2	2	0	0	
0	4	0	0	0	0	
0	6	6	0	0	0	


True
22
0	0	0	4	0	0	
5	5	13	4	0	0	
1	1	13	0	0	0	
0	0	13	0	6	0	
10	7	7	0	6	12	
10	0	0	0	0	12	


True
2
3	3	0	0	0	0	
0	0	16	16	16	0	
2	2	1	1	0	0	
5	5	8	8	0	0	
0	0	13	13	13	0	
11	11	0	0	0	0	


True
1
0	0	0	0	9	0	
0	2	2	0	9	0	
14	14	14	1	1	0	
3	0	8	8	0	0	
3	0	5	11	11	0	
0	0	5	0	0	0	


True
6
0	0	0	0	14	10	
0	0	0	0	14	10	
0	0	1	1	14	13	
0	0	0	4	0	13	
2	0	0	4	0	13	
2	15	15	15	0	0	


True
1
10	10	0	6	2	2	
5	5	11	6	4	4	
0	0	11	1	1	0	
0	0	0	0	0	0	
0	0	16	16	16	0	
0	12	12	0	0	0	


True
2
0	0	12	12	8	4	
7	0	5	5	8	4	
7	0	1	1	0	0	
13	13	13	0	0	0	
6	6	0	0	0	0	
0	0	0	3	3	0	


True
1
0	0	0	2	2	12	
0	0	3	4	4	12	
0	0	3	1	1	0	
0	0	0	0	0	6	
0	15	15	15	0	6	
0	13	13	13	0	0	


True
7
0	3	0	16	16	16	
0	3	13	13	13	0	
1	1	0	15	0	0	
14	14	14	15	8	0	
0	6	6	15	8	0	
0	0	0	7	7	0	


True
4
0	0	13	13	13	0	
0	15	15	15	0	6	
0	0	1	1	0	6	
0	0	16	16	16	0	
12	12	0	7	7	0	
0	0	5	5	9	9	


True
2
0	12	12	8	10	10	
0	0	0	8	0	0	
0	13	1	1	0	0	
0	13	0	0	16	0	
0	13	0	0	16	0	
0	0	0	0	16	0	


True
6
6	6	3	3	0	0	
8	8	0	0	0	0	
0	0	1	1	2	7	
12	12	0	0	2	7	
0	5	0	0	4	4	
0	5	0	14	14	14	


True
2
0	0	0	0	0	0	
4	0	0	11	11	0	
4	0	1	1	0	0	
0	16	0	0	7	0	
3	16	5	0	7	0	
3	16	5	0	0	0	


True
4
0	0	0	0	0	11	
0	0	0	0	14	11	
12	12	1	1	14	0	
0	9	9	0	14	0	
5	2	0	0	0	8	
5	2	0	0	0	8	


True
3
3	3	5	0	10	10	
0	0	5	0	0	0	
0	0	1	1	0	4	
16	16	16	14	2	4	
0	0	0	14	2	0	
0	8	8	14	0	0	


True
1
0	0	14	0	0	12	
16	0	14	0	0	12	
16	0	14	1	1	0	
16	0	0	2	2	0	
11	11	0	8	0	0	
0	9	9	8	4	4	


True
4
0	3	0	0	0	0	
0	3	0	0	10	10	
8	14	1	1	0	11	
8	14	4	4	0	11	
0	14	0	0	0	0	
0	0	13	13	13	0	


True
2
0	0	10	0	0	0	
0	12	10	0	0	0	
7	12	1	1	0	0	
7	8	8	0	0	5	
0	0	2	2	0	5	
0	0	16	16	16	0	


True
9
0	0	0	8	0	15	
0	10	10	8	3	15	
0	0	1	1	3	15	
0	0	13	0	0	0	
2	0	13	7	7	0	
2	0	13	0	12	12	


True
1
0	0	0	9	8	8	
16	16	16	9	0	0	
0	10	10	1	1	0	
14	14	14	13	0	0	
0	12	12	13	4	0	
0	0	0	13	4	0	


True
6
0	0	7	0	0	0	
0	0	7	11	4	4	
1	1	0	11	8	0	
14	14	14	0	8	0	
0	0	0	0	0	0	
0	0	0	0	0	0	


True
2
12	12	0	11	3	3	
0	0	0	11	0	0	
0	0	1	1	0	0	
4	0	0	0	2	2	
4	0	0	0	5	5	
0	13	13	13	0	0	


True
1
14	0	0	11	11	0	
14	0	15	0	0	0	
14	2	15	1	1	0	
0	2	15	0	9	9	
10	10	0	3	6	6	
0	12	12	3	0	0	


True
3
13	0	8	8	0	0	
13	6	6	0	0	0	
13	0	1	1	14	0	
0	0	0	0	14	0	
0	0	0	0	14	0	
9	9	10	10	0	0	


True
2
0	0	0	0	11	11	
0	0	0	8	8	0	
0	0	1	1	0	0	
15	15	15	0	0	5	
13	13	13	0	0	5	
0	0	0	12	12	0	


True
6
0	0	16	16	16	0	
3	3	0	0	14	0	
0	10	1	1	14	0	
4	10	0	9	14	0	
4	0	0	9	0	0	
0	0	8	8	0	0	


True
2
6	0	0	0	12	0	
6	13	9	9	12	0	
0	13	1	1	0	0	
4	13	10	10	0	8	
4	0	0	0	11	8	
0	0	0	0	11	0	


True
4
0	7	7	0	0	0	
12	12	0	10	10	0	
0	0	1	1	9	2	
4	0	5	0	9	2	
4	0	5	0	0	0	
0	0	0	0	0	0	


True
2
0	0	0	0	0	0	
7	11	0	13	13	13	
7	11	1	1	0	0	
0	4	4	0	2	2	
3	3	0	10	6	6	
0	0	0	10	0	0	


True
4
0	0	0	0	4	4	
14	14	14	8	8	2	
0	0	1	1	0	2	
0	7	15	15	15	0	
10	7	0	12	12	0	
10	9	9	0	0	0	


True
2
0	0	0	0	0	0	
0	0	9	9	0	8	
2	0	0	1	1	8	
2	0	0	0	0	10	
7	7	0	5	5	10	
15	15	15	0	0	0	


True
8
0	0	2	16	16	16	
0	0	2	12	12	0	
1	1	0	7	0	13	
15	15	15	7	8	13	
3	3	0	0	8	13	
0	0	5	5	0	0	


True
5
0	4	4	0	0	0	
6	6	0	0	0	0	
0	15	1	1	9	8	
0	15	12	0	9	8	
0	15	12	0	0	0	
0	0	0	0	0	0	


True
2
0	0	0	9	9	0	
5	14	7	7	0	10	
5	14	0	1	1	10	
0	14	0	0	0	0	
0	0	0	6	6	0	
8	8	0	0	0	0	


True
12
3	3	0	0	0	16	
0	0	0	0	0	16	
1	1	10	8	0	16	
12	0	10	8	0	0	
12	4	4	6	6	0	
0	9	9	0	0	0	


True
12
12	0	0	0	16	6	
12	4	4	0	16	6	
1	1	0	0	16	13	
15	0	7	0	0	13	
15	0	7	0	0	13	
15	0	0	0	5	5	


True
1
0	0	5	5	0	0	
0	3	2	2	0	0	
0	3	0	1	1	0	
0	0	0	16	0	0	
4	0	0	16	0	0	
4	0	0	16	0	0	


True
7
0	9	9	0	0	0	
0	16	16	16	0	0	
1	1	0	0	0	0	
0	0	0	0	6	0	
0	11	5	0	6	0	
0	11	5	3	3	0	


True
2
0	0	0	0	11	0	
0	5	5	0	11	0	
15	4	1	1	0	0	
15	4	0	0	0	10	
15	0	0	2	2	10	
0	3	3	0	0	0	


True
2
0	6	0	15	15	15	
0	6	0	0	4	4	
14	0	0	1	1	9	
14	0	12	12	0	9	
14	2	0	0	0	0	
0	2	0	0	0	0	


True
5
0	0	0	0	0	0	
0	0	14	0	0	0	
0	0	14	1	1	15	
8	8	14	0	0	15	
0	0	0	11	11	15	
0	0	3	3	6	6	


True
5
0	0	0	0	0	10	
3	3	0	0	0	10	
1	1	0	0	0	4	
0	0	15	0	0	4	
8	8	15	0	0	0	
11	11	15	0	0	0	


True
2
0	0	4	4	0	0	
0	0	10	10	0	0	
8	0	1	1	0	0	
8	0	9	9	0	0	
0	0	3	16	16	16	
6	6	3	5	5	0	


True
2
13	13	13	5	5	0	
0	15	15	15	0	0	
0	0	1	1	0	0	
0	2	10	0	9	6	
0	2	10	0	9	6	
0	0	0	0	7	7	


True
1
0	4	0	16	16	16	
0	4	0	0	0	0	
0	0	0	1	1	0	
0	0	14	14	14	3	
0	0	11	0	0	3	
0	0	11	0	0	0	


True
1
8	8	0	0	0	10	
0	16	13	13	13	10	
2	16	0	1	1	0	
2	16	15	0	0	0	
0	0	15	0	0	0	
0	0	15	0	0	0	


True
3
0	0	0	3	0	0	
0	5	5	3	4	0	
12	12	1	1	4	0	
0	0	14	15	15	15	
9	9	14	0	0	0	
0	0	14	0	0	0	


True
4
0	0	0	10	10	0	
0	0	0	9	9	0	
1	1	0	0	0	0	
6	6	3	14	14	14	
0	12	3	0	8	8	
0	12	0	0	0	0	


True
2
0	0	3	0	0	0	
14	0	3	0	0	0	
14	5	1	1	0	0	
14	5	0	0	11	11	
0	0	9	0	0	0	
12	12	9	0	10	10	


True
10
0	0	0	0	0	0	
0	15	16	16	16	14	
0	15	1	1	0	14	
0	15	2	12	12	14	
9	6	2	13	13	13	
9	6	0	0	0	0	


True
1
0	0	0	5	0	0	
6	3	3	5	0	0	
6	0	0	1	1	0	
8	0	0	10	15	0	
8	0	0	10	15	0	
7	7	0	0	15	0	


True
4
13	2	0	0	6	0	
13	2	0	0	6	0	
13	0	1	1	0	3	
15	0	0	0	0	3	
15	0	11	11	12	12	
15	0	0	4	4	0	


True
7
0	6	0	0	0	0	
0	6	0	0	0	0	
1	1	0	5	0	0	
4	4	0	5	0	0	
0	14	14	14	0	7	
16	16	16	0	0	7	


True
2
15	0	0	0	0	0	
15	5	5	0	6	6	
15	0	12	1	1	8	
0	9	12	0	0	8	
0	9	0	0	0	0	
4	4	10	10	0	0	


True
2
0	0	0	0	0	0	
8	15	0	10	10	0	
8	15	1	1	0	0	
6	15	0	4	4	0	
6	0	2	2	0	0	
0	0	0	0	0	0	


True
2
3	0	0	8	0	0	
3	0	0	8	0	0	
0	0	1	1	0	0	
2	2	0	7	10	0	
16	16	16	7	10	0	
0	0	0	0	4	4	


True
2
3	3	0	0	5	0	
0	0	4	4	5	0	
2	0	1	1	0	0	
2	15	15	15	13	0	
0	0	0	0	13	0	
0	0	0	0	13	0	


True
4
0	0	0	0	4	12	
0	8	0	0	4	12	
0	8	1	1	0	3	
0	0	0	5	5	3	
0	0	0	14	14	14	
0	0	9	9	0	0	


True
4
5	0	2	0	0	0	
5	9	2	0	3	0	
0	9	1	1	3	0	
0	0	0	0	0	0	
0	0	0	0	7	10	
4	4	0	0	7	10	


True
7
0	0	0	0	2	2	
0	0	0	0	0	10	
11	11	1	1	5	10	
0	9	9	0	5	0	
13	13	13	0	0	0	
3	3	0	0	0	0	


True
2
0	0	0	9	9	0	
0	11	11	0	0	0	
0	0	1	1	0	0	
13	13	13	16	16	16	
0	0	6	0	0	0	
8	8	6	5	5	0	


True
20
0	0	0	0	0	0	
0	0	3	3	0	0	
1	1	0	0	16	9	
0	0	0	0	16	9	
0	0	7	5	16	0	
4	4	7	5	6	6	


True
27
6	6	0	0	0	0	
0	0	2	0	16	0	
1	1	2	0	16	8	
0	0	0	0	16	8	
0	3	3	0	4	4	
0	0	0	14	14	14	


True
6
0	0	10	0	5	0	
0	0	10	0	5	0	
1	1	0	0	0	11	
0	0	0	0	0	11	
7	6	6	0	4	4	
7	0	0	0	0	0	


True
9
0	0	0	0	0	0	
3	3	0	0	4	4	
1	1	0	5	0	7	
0	0	0	5	0	7	
10	10	0	15	15	15	
13	13	13	0	0	0	


True
2
0	15	9	13	13	13	
0	15	9	4	4	0	
14	15	1	1	0	0	
14	2	0	0	7	7	
14	2	8	0	3	3	
0	0	8	0	0	0	


True
7
0	0	3	0	0	0	
13	12	3	0	9	15	
13	12	1	1	9	15	
13	0	16	7	0	15	
0	0	16	7	0	0	
0	0	16	0	0	0	


True
2
0	10	0	0	0	7	
9	10	14	14	14	7	
9	0	0	1	1	3	
5	5	0	11	0	3	
0	4	4	11	0	0	
0	0	0	2	2	0	


True
5
8	8	0	0	0	0	
0	0	11	11	0	0	
1	1	0	0	0	0	
0	2	0	12	12	0	
0	2	0	0	0	9	
0	0	0	6	6	9	


True
2
0	5	0	0	0	0	
0	5	0	0	0	0	
0	0	0	1	1	13	
0	0	0	9	9	13	
3	3	0	0	0	13	
0	10	10	0	0	0	


True
11
7	7	10	0	0	0	
0	0	10	0	14	0	
12	0	1	1	14	11	
12	0	8	8	14	11	
0	0	0	9	9	0	
0	0	0	0	0	0	


True
15
0	0	0	0	0	16	
0	0	13	0	14	16	
1	1	13	0	14	16	
4	0	13	0	14	0	
4	0	0	5	0	0	
0	0	0	5	0	0	


True
4
9	0	0	0	0	0	
9	13	13	13	0	0	
0	0	0	1	1	15	
12	2	2	0	0	15	
12	0	0	3	3	15	
10	10	0	0	11	11	


True
7
0	3	3	0	0	0	
0	0	0	0	0	13	
9	5	1	1	6	13	
9	5	0	0	6	13	
0	7	0	0	0	0	
0	7	8	8	0	0	


True
7
14	0	0	4	15	0	
14	2	2	4	15	0	
14	3	1	1	15	0	
0	3	6	10	0	0	
7	7	6	10	0	0	
0	0	16	16	16	0	


True
2
0	7	7	0	0	5	
0	0	0	0	0	5	
11	11	1	1	0	0	
0	0	2	2	13	8	
0	0	0	0	13	8	
0	14	14	14	13	0	


True
17
0	0	14	0	0	0	
0	0	14	0	7	0	
1	1	14	0	7	0	
0	0	0	8	8	0	
0	12	12	0	0	0	
0	0	0	0	4	4	


True
2
0	5	5	0	0	0	
0	0	13	0	0	3	
0	0	13	1	1	3	
0	0	13	2	0	0	
0	8	9	2	0	0	
0	8	9	0	4	4	


True
7
0	0	0	0	0	0	
0	0	0	0	0	14	
1	1	0	0	0	14	
15	8	8	0	0	14	
15	0	0	4	4	0	
15	0	10	10	0	0	


True
5
0	0	0	3	3	0	
8	4	4	9	9	0	
8	0	1	1	0	12	
0	0	11	0	0	12	
0	0	11	6	0	2	
0	0	0	6	0	2	


True
3
0	15	10	10	0	4	
0	15	7	7	5	4	
3	15	1	1	5	0	
3	0	9	0	0	0	
0	0	9	0	0	0	
0	0	0	16	16	16	


True
5
6	6	0	5	0	0	
0	0	0	5	0	0	
1	1	0	0	0	0	
16	0	0	0	0	0	
16	8	8	11	11	12	
16	0	0	9	9	12	


True
2
0	0	11	0	7	7	
3	0	11	0	4	4	
3	0	1	1	0	0	
6	6	0	10	10	0	
0	9	0	0	0	0	
0	9	0	0	0	0	


True
4
2	6	4	4	0	14	
2	6	0	0	0	14	
9	9	0	1	1	14	
0	0	10	16	0	0	
0	0	10	16	0	0	
0	0	0	16	0	0	


True
15
0	13	13	13	0	7	
0	0	4	4	15	7	
0	10	1	1	15	0	
11	10	0	0	15	0	
11	0	0	0	0	0	
0	0	0	0	8	8	


True
7
0	0	0	15	15	15	
0	5	5	0	0	11	
0	0	1	1	2	11	
0	8	8	0	2	7	
0	0	0	12	0	7	
0	0	0	12	10	10	


True
4
0	8	8	0	0	0	
3	16	0	0	9	9	
3	16	1	1	0	0	
0	16	2	2	0	12	
0	0	14	14	14	12	
0	0	0	0	11	11	


True
2
0	0	15	15	15	10	
14	14	14	8	8	10	
0	0	1	1	0	0	
16	0	0	4	9	9	
16	0	0	4	0	0	
16	0	6	6	0	0	


True
4
0	10	10	8	8	0	
0	13	12	12	0	0	
0	13	1	1	6	0	
0	13	0	0	6	0	
0	5	5	0	0	0	
0	4	4	0	0	0	


True
4
11	7	4	0	0	0	
11	7	4	0	0	2	
0	0	1	1	3	2	
6	6	0	8	3	0	
0	0	0	8	0	0	
0	0	0	0	0	0	


True
1
0	10	10	4	4	7	
0	0	0	0	0	7	
16	16	16	1	1	0	
0	8	0	0	9	2	
0	8	6	0	9	2	
0	0	6	14	14	14	


True
7
0	0	6	9	0	14	
7	7	6	9	0	14	
0	16	1	1	3	14	
0	16	0	0	3	0	
0	16	0	0	0	0	
12	12	0	0	0	0	


True
8
0	14	14	14	0	0	
0	0	7	7	0	6	
2	2	1	1	10	6	
0	15	15	15	10	0	
0	0	0	16	16	16	
0	0	0	0	0	0	


True
3
4	4	0	10	10	0	
6	6	0	0	0	11	
0	0	1	1	0	11	
2	2	0	0	8	8	
14	14	14	0	5	0	
0	7	7	0	5	0	


True
2
4	0	0	0	7	0	
4	0	0	0	7	0	
0	3	1	1	0	0	
0	3	10	10	0	0	
0	0	0	13	13	13	
0	0	0	2	2	0	


True
2
0	0	0	0	0	0	
0	0	15	15	15	0	
10	0	1	1	0	0	
10	0	9	0	7	11	
0	6	9	0	7	11	
0	6	0	0	0	0	


True
3
0	0	6	0	0	7	
9	9	6	0	12	7	
0	0	1	1	12	0	
0	4	4	0	0	10	
0	0	0	2	0	10	
0	0	0	2	0	0	


True
2
0	0	2	0	0	6	
0	0	2	7	7	6	
0	0	1	1	0	0	
0	0	0	8	8	0	
0	0	0	0	0	0	
0	0	0	12	12	0	


True
6
0	0	0	0	12	10	
0	8	8	0	12	10	
1	1	0	0	9	0	
6	16	16	16	9	0	
6	0	0	0	0	0	
2	2	0	0	5	5	


True
4
0	4	4	0	0	0	
0	3	3	0	0	12	
0	0	1	1	0	12	
8	0	0	0	0	0	
8	0	0	0	2	2	
0	0	0	0	0	0	


True
3
0	0	0	4	0	0	
0	0	0	4	0	0	
6	6	1	1	0	13	
0	0	0	2	2	13	
0	0	0	0	0	13	
0	0	14	14	14	0	


True
3
12	0	0	0	5	10	
12	4	4	0	5	10	
0	0	1	1	0	6	
0	3	3	0	0	6	
13	13	13	2	2	0	
7	7	0	0	0	0	


True
1
0	0	0	0	0	0	
0	0	8	8	0	0	
12	12	0	1	1	0	
11	16	16	16	0	0	
11	7	15	15	15	0	
0	7	0	0	9	9	


True
6
10	10	0	8	8	0	
0	0	0	0	3	0	
0	0	1	1	3	0	
0	0	2	2	0	6	
0	0	0	0	0	6	
12	12	0	14	14	14	


True
8
11	16	16	16	2	2	
11	0	13	13	13	0	
1	1	0	0	0	15	
0	0	0	0	0	15	
0	7	7	0	6	15	
5	5	0	0	6	0	


True
15
0	12	0	0	13	9	
0	12	10	10	13	9	
1	1	0	0	13	0	
2	2	0	0	3	3	
5	5	0	11	0	0	
0	0	0	11	0	0	


True
6
3	0	2	0	0	12	
3	0	2	0	0	12	
1	1	0	15	0	0	
0	4	4	15	0	0	
0	0	0	15	7	0	
0	0	0	0	7	0	


True
1
0	0	15	5	5	0	
0	0	15	0	0	0	
12	12	15	1	1	0	
0	3	3	0	0	9	
7	7	0	0	0	9	
0	0	2	2	0	0	


True
7
0	6	8	8	0	0	
0	6	0	3	0	0	
1	1	0	3	0	0	
0	0	0	16	16	16	
0	4	4	12	9	0	
0	0	0	12	9	0	


True
5
0	0	0	0	0	0	
0	0	16	16	16	0	
0	0	1	1	6	0	
0	9	9	0	6	12	
0	0	0	0	0	12	
0	0	5	5	0	0	


True
1
0	13	0	11	11	0	
0	13	7	7	0	0	
6	13	0	1	1	0	
6	0	0	15	15	15	
0	2	12	12	0	0	
0	2	0	4	4	0	


True
2
0	16	16	16	0	0	
15	6	0	0	0	0	
15	6	1	1	0	0	
15	0	0	0	0	0	
0	4	4	0	0	0	
8	8	0	11	11	0	


True
3
0	5	5	14	14	14	
0	6	6	0	0	0	
7	7	1	1	0	16	
0	0	12	12	0	16	
0	11	10	0	0	16	
0	11	10	0	0	0	


True
2
2	2	0	0	3	3	
4	0	8	8	0	0	
4	0	0	1	1	11	
0	15	15	15	10	11	
0	0	0	12	10	0	
0	7	7	12	0	0	


True
5
0	0	0	0	5	11	
12	2	4	4	5	11	
12	2	0	1	1	6	
9	0	0	0	0	6	
9	0	0	13	13	13	
0	14	14	14	0	0	


True
1
8	0	0	0	10	0	
8	12	14	0	10	0	
15	12	14	1	1	0	
15	0	14	16	0	4	
15	3	3	16	0	4	
0	0	0	16	0	0	


True
10
0	4	0	0	0	13	
0	4	0	0	0	13	
0	0	1	1	0	13	
9	8	8	0	7	0	
9	15	15	15	7	0	
0	2	2	14	14	14	


True
8
0	0	0	0	11	11	
0	0	12	5	2	2	
1	1	12	5	9	0	
0	0	0	0	9	0	
10	10	7	0	0	0	
0	0	7	0	0	0	


True
15
0	3	14	4	4	0	
0	3	14	16	0	0	
1	1	14	16	6	0	
0	0	0	16	6	0	
12	12	0	0	7	7	
0	11	11	0	0	0	


True
2
0	0	10	10	0	0	
0	0	0	0	4	4	
7	0	1	1	0	0	
7	0	0	11	11	0	
9	9	0	0	0	12	
0	14	14	14	0	12	


True
2
3	3	0	11	0	0	
0	0	0	11	0	4	
2	8	0	1	1	4	
2	8	0	9	9	0	
0	0	0	0	0	0	
6	6	13	13	13	0	


True
3
7	13	13	13	0	0	
7	11	11	0	6	0	
0	0	1	1	6	0	
0	16	16	16	9	9	
0	0	0	4	0	12	
0	0	0	4	0	12	


True
2
2	0	0	0	0	8	
2	0	0	5	5	8	
0	7	1	1	0	0	
10	7	0	6	11	0	
10	0	0	6	11	0	
0	14	14	14	0	0	


True
2
0	3	3	0	0	0	
0	0	0	0	0	0	
4	4	1	1	0	0	
0	16	16	16	15	0	
9	8	12	12	15	11	
9	8	0	0	15	11	


True
6
5	5	0	2	2	0	
0	0	0	0	14	0	
0	0	1	1	14	0	
9	0	8	8	14	0	
9	10	0	0	0	12	
0	10	0	0	0	12	


True
3
0	0	0	0	0	10	
7	7	0	5	5	10	
12	0	1	1	0	6	
12	9	0	0	0	6	
0	9	14	14	14	0	
0	0	16	16	16	0	


True
1
0	0	0	6	0	0	
8	0	0	6	7	7	
8	0	0	1	1	0	
4	2	11	14	14	14	
4	2	11	0	0	0	
0	0	0	0	0	0	


True
1
13	13	13	6	6	0	
16	0	0	0	0	0	
16	0	0	1	1	0	
16	0	0	0	0	3	
0	4	0	5	5	3	
0	4	0	14	14	14	


True
5
0	0	14	14	14	0	
0	16	16	16	12	12	
0	0	1	1	4	0	
7	7	0	0	4	6	
0	13	13	13	0	6	
0	9	9	0	5	5	


True
2
0	0	0	0	0	8	
0	12	12	2	2	8	
0	0	1	1	0	0	
13	15	15	15	11	0	
13	6	6	0	11	0	
13	14	14	14	0	0	


True
13
14	0	5	13	13	13	
14	0	5	0	0	12	
14	0	1	1	0	12	
0	0	0	7	7	0	
9	9	0	0	0	8	
16	16	16	0	0	8	


True
7
0	4	0	12	12	0	
0	4	0	16	16	16	
1	1	0	0	0	0	
0	0	11	11	0	0	
0	2	0	0	0	0	
0	2	0	9	9	0	


True
1
0	14	14	14	0	0	
0	8	8	0	7	7	
0	0	0	1	1	0	
0	0	3	4	4	0	
2	2	3	0	0	6	
5	5	11	11	0	6	


True
2
16	16	16	4	11	0	
0	0	0	4	11	0	
0	0	1	1	0	0	
0	7	0	3	3	0	
6	7	0	0	0	0	
6	0	2	2	0	0	


True
2
15	0	4	0	0	0	
15	0	4	13	13	13	
15	9	1	1	0	0	
0	9	11	6	0	0	
0	0	11	6	7	7	
0	0	0	0	0	0	


True
2
9	9	0	0	0	0	
0	16	0	0	4	4	
0	16	1	1	0	0	
0	16	0	14	14	14	
0	6	5	0	0	0	
0	6	5	0	0	0	


True
3
0	0	0	0	0	9	
0	0	0	0	0	9	
0	0	1	1	11	0	
0	15	5	5	11	0	
0	15	0	0	0	0	
0	15	0	0	12	12	


True
2
0	0	0	0	0	0	
10	10	0	9	9	0	
0	0	1	1	0	0	
14	11	11	13	13	13	
14	0	3	3	0	0	
14	0	0	0	0	0	


True
5
0	0	0	0	0	0	
0	10	10	0	0	0	
0	0	1	1	12	0	
15	13	6	0	12	0	
15	13	6	0	3	0	
15	13	0	0	3	0	


True
6
0	0	0	0	6	0	
10	10	0	11	6	0	
1	1	0	11	0	0	
0	0	0	8	8	3	
12	12	2	2	0	3	
0	0	0	15	15	15	


True
11
6	0	13	0	11	0	
6	0	13	0	11	0	
1	1	13	0	0	0	
10	10	0	0	4	0	
2	2	0	0	4	0	
0	8	8	0	0	0	


True
2
7	0	0	5	0	0	
7	0	0	5	0	0	
10	10	1	1	0	0	
0	0	0	0	0	0	
6	9	9	0	3	3	
6	0	0	14	14	14	


True
5
0	0	0	0	0	0	
10	10	8	8	0	0	
1	1	0	11	0	0	
0	9	0	11	0	0	
0	9	0	0	0	0	
0	0	0	0	7	7	


True
3
0	0	10	10	9	12	
0	0	0	0	9	12	
16	0	1	1	0	2	
16	0	0	8	0	2	
16	3	0	8	4	0	
0	3	0	0	4	0	


True
2
0	0	0	5	0	0	
0	7	7	5	0	0	
12	12	1	1	0	0	
3	0	0	4	11	11	
3	0	0	4	10	10	
0	0	0	0	0	0	


True
2
0	13	13	13	0	0	
0	0	0	0	0	0	
7	7	1	1	0	0	
0	0	0	3	3	0	
0	10	0	0	0	2	
0	10	12	12	0	2	


True
1
2	9	0	10	0	0	
2	9	0	10	0	0	
11	11	0	1	1	0	
13	13	13	0	16	6	
0	0	7	0	16	6	
0	0	7	0	16	0	


True
3
0	5	0	0	6	0	
0	5	0	0	6	0	
0	12	1	1	0	15	
0	12	0	0	9	15	
0	4	4	0	9	15	
0	7	7	8	8	0	


True
16
0	6	8	8	10	0	
0	6	0	4	10	0	
1	1	0	4	0	0	
0	13	13	13	0	0	
0	0	0	0	0	0	
0	11	11	3	3	0	


True
7
0	0	0	8	0	0	
0	0	0	8	0	14	
0	0	1	1	5	14	
0	0	3	3	5	14	
0	0	15	15	15	0	
0	0	7	7	0	0	


True
8
5	5	9	9	0	0	
0	0	0	0	11	0	
1	1	2	0	11	14	
16	0	2	0	4	14	
16	0	0	0	4	14	
16	0	7	7	0	0	


True
3
0	0	0	0	0	0	
5	0	0	0	4	4	
5	11	1	1	15	0	
0	11	0	0	15	16	
0	0	9	0	15	16	
0	0	9	0	0	16	


True
2
0	2	8	0	0	0	
7	2	8	0	0	0	
7	0	1	1	0	0	
0	6	0	0	0	0	
0	6	0	14	14	14	
0	0	0	0	0	0	


True
7
0	10	15	15	15	0	
0	10	0	0	0	0	
1	1	0	0	0	12	
0	0	0	5	5	12	
8	7	7	0	0	0	
8	0	0	11	11	0	


True
9
3	3	0	10	0	0	
0	0	12	10	2	0	
1	1	12	4	2	0	
0	0	8	4	11	13	
5	0	8	0	11	13	
5	0	0	0	0	13	


True
6
0	0	8	0	0	0	
0	0	8	0	0	0	
1	1	0	0	0	12	
14	13	13	13	0	12	
14	0	0	0	10	10	
14	0	2	2	0	0	


True
3
0	0	0	2	2	0	
4	16	16	16	0	10	
4	5	1	1	0	10	
0	5	0	0	7	0	
6	0	0	0	7	0	
6	0	0	15	15	15	


True
8
0	0	0	10	10	0	
16	16	16	0	8	13	
4	4	1	1	8	13	
3	3	0	0	0	13	
0	0	0	0	7	0	
0	14	14	14	7	0	


True
3
0	2	2	0	0	0	
10	16	16	16	0	6	
10	0	1	1	0	6	
0	8	8	0	0	0	
0	14	14	14	0	0	
0	0	0	13	13	13	


True
15
0	0	10	10	14	0	
9	9	0	0	14	7	
1	1	15	0	14	7	
0	0	15	2	0	0	
6	0	15	2	0	0	
6	0	0	0	0	0	


True
2
9	0	0	0	4	0	
9	0	8	8	4	0	
0	0	1	1	0	0	
0	0	0	0	7	7	
0	12	0	0	0	0	
0	12	0	0	0	0	


True
5
0	15	15	15	6	6	
0	0	0	0	0	11	
0	0	0	1	1	11	
7	4	13	13	13	0	
7	4	0	12	12	0	
0	0	10	10	0	0	


True
2
0	7	7	5	0	0	
0	0	0	5	0	0	
0	0	1	1	0	0	
0	0	0	0	2	2	
4	0	0	0	12	12	
4	0	13	13	13	0	


True
1
7	7	0	0	0	0	
2	0	10	10	11	11	
2	0	8	1	1	0	
0	0	8	0	0	14	
0	9	0	0	0	14	
0	9	13	13	13	14	


True
4
0	0	3	0	0	0	
0	0	3	16	16	16	
1	1	0	0	0	0	
9	9	0	0	0	0	
0	0	12	12	11	0	
6	6	0	0	11	0	


True
19
10	10	0	0	0	15	
0	14	14	14	0	15	
7	7	1	1	0	15	
0	0	0	0	5	5	
0	0	9	9	2	2	
0	0	0	0	4	4	


True
11
0	0	0	0	0	0	
3	3	0	15	15	15	
1	1	0	9	0	0	
10	10	0	9	0	0	
0	0	16	16	16	0	
0	0	14	14	14	0	


True
15
4	14	14	14	0	0	
4	0	0	9	0	0	
1	1	10	9	0	0	
15	0	10	5	5	0	
15	0	16	16	16	0	
15	0	0	0	0	0	


True
2
0	0	0	0	0	0	
3	3	0	13	13	13	
0	0	1	1	0	0	
0	0	0	15	0	0	
0	10	10	15	0	0	
0	0	0	15	0	0	


True
12
0	0	0	15	0	0	
0	0	9	15	12	12	
1	1	9	15	0	0	
0	0	0	0	0	0	
0	0	0	0	0	0	
13	13	13	8	8	0	


True
6
0	12	13	13	13	5	
0	12	0	0	0	5	
0	0	1	1	9	0	
0	0	14	16	9	0	
10	10	14	16	4	4	
3	3	14	16	0	0	


True
9
0	0	0	9	9	0	
0	0	0	0	5	0	
1	1	0	2	5	0	
13	13	13	2	0	0	
7	7	0	0	0	0	
0	8	8	0	0	0	


True
3
10	10	0	0	7	7	
0	0	8	8	0	0	
4	4	1	1	0	5	
0	0	0	11	11	5	
16	16	16	9	9	0	
0	0	0	0	0	0	


True
1
0	0	0	0	0	0	
3	0	0	0	0	0	
3	0	0	1	1	0	
13	13	13	0	12	12	
0	6	6	0	0	2	
8	8	0	10	10	2	


True
10
0	11	7	5	5	0	
0	11	7	0	15	0	
0	0	1	1	15	0	
0	14	14	14	15	0	
12	0	2	2	0	0	
12	0	0	9	9	0	


True
1
0	12	12	16	16	16	
11	0	0	0	0	0	
11	0	13	1	1	0	
0	0	13	0	0	0	
3	0	13	5	0	9	
3	0	0	5	0	9	


True
5
0	0	0	0	0	0	
0	0	0	0	10	11	
8	0	1	1	10	11	
8	12	12	6	6	0	
0	0	0	0	0	9	
0	0	0	7	7	9	


True
5
0	9	9	11	0	13	
0	5	0	11	0	13	
0	5	1	1	0	13	
0	0	15	0	0	0	
0	0	15	10	10	0	
0	0	15	0	0	0	


True
3
9	0	0	0	2	0	
9	8	8	0	2	0	
0	0	1	1	14	0	
0	4	11	11	14	0	
0	4	0	12	14	3	
0	0	0	12	0	3	


True
3
0	0	7	0	0	0	
0	0	7	8	8	0	
10	0	1	1	0	3	
10	6	6	0	0	3	
4	0	14	14	14	0	
4	0	11	11	0	0	


True
1
0	0	0	0	0	4	
0	15	15	15	0	4	
9	0	0	1	1	0	
9	11	11	0	5	5	
0	7	7	12	12	0	
0	0	0	0	0	0	


True
2
3	3	0	14	14	14	
15	5	5	0	10	10	
15	7	1	1	0	0	
15	7	0	0	0	0	
0	0	0	0	0	0	
9	9	11	11	0	0	


True
3
0	0	0	0	0	0	
10	15	15	15	11	0	
10	0	1	1	11	0	
14	8	8	0	2	0	
14	0	3	3	2	0	
14	0	0	13	13	13	


True
5
0	0	0	0	0	0	
0	2	2	13	13	13	
1	1	0	0	0	0	
0	5	5	7	7	0	
0	0	0	12	0	8	
0	0	0	12	0	8	


True
1
13	13	13	2	0	0	
0	0	0	2	0	0	
0	12	12	1	1	0	
4	4	0	0	0	0	
0	0	3	11	11	0	
0	0	3	0	0	0	


True
2
0	0	0	8	0	0	
0	0	0	8	0	0	
6	0	0	1	1	12	
6	0	0	0	0	12	
9	0	0	0	11	0	
9	0	0	0	11	0	


True
8
0	0	5	0	4	3	
0	0	5	0	4	3	
1	1	11	0	0	0	
0	10	11	0	0	16	
0	10	0	0	7	16	
0	6	6	0	7	16	


True
2
0	0	0	0	9	0	
10	10	4	4	9	0	
0	0	1	1	0	0	
13	0	0	5	0	0	
13	0	2	5	0	0	
13	0	2	0	0	0	


True
7
5	5	0	0	11	0	
0	0	2	0	11	0	
1	1	2	0	0	0	
0	10	0	14	14	14	
0	10	4	4	7	7	
0	0	6	6	0	0	


True
10
0	7	7	0	11	11	
2	2	8	8	0	14	
0	0	0	1	1	14	
0	13	0	4	0	14	
3	13	0	4	0	0	
3	13	0	15	15	15	


True
6
0	0	0	14	14	14	
7	0	0	0	0	15	
7	0	0	1	1	15	
16	0	4	0	0	15	
16	0	4	0	0	0	
16	0	0	0	11	11	


True
5
0	0	2	0	0	0	
0	0	2	0	0	0	
6	0	1	1	5	10	
6	8	0	0	5	10	
0	8	0	0	9	0	
0	0	0	0	9	0	


True
5
11	0	0	0	0	0	
11	0	0	8	8	0	
1	1	0	0	0	0	
12	6	0	0	0	4	
12	6	0	10	10	4	
5	5	0	0	0	0	


True
6
0	6	6	0	0	0	
0	16	16	16	5	0	
1	1	0	0	5	0	
0	0	14	13	0	0	
0	0	14	13	0	0	
0	0	14	13	0	0	


True
3
0	0	8	8	5	0	
10	10	0	0	5	0	
0	0	1	1	0	14	
0	0	0	3	3	14	
0	0	0	0	0	14	
0	0	0	4	4	0	


True
20
0	0	16	12	0	0	
5	5	16	12	0	13	
1	1	16	6	15	13	
0	0	0	6	15	13	
3	3	0	0	15	0	
0	0	4	4	0	0	


True
2
9	0	11	0	2	0	
9	0	11	0	2	0	
13	0	1	1	0	0	
13	0	0	0	0	0	
13	8	8	0	0	4	
0	0	0	0	0	4	


True
11
13	13	13	0	0	0	
0	0	10	5	5	0	
1	1	10	7	0	0	
0	0	0	7	0	0	
6	6	0	8	0	0	
0	0	0	8	12	12	


True
5
2	0	0	0	0	0	
2	0	5	5	0	0	
16	0	1	1	6	0	
16	4	4	0	6	12	
16	9	0	0	0	12	
0	9	0	15	15	15	


True
2
0	0	0	0	0	0	
0	0	0	0	7	7	
8	9	1	1	0	0	
8	9	14	14	14	0	
0	0	11	11	0	0	
0	0	12	12	0	0	


True
3
4	4	0	0	0	0	
0	8	8	7	7	0	
0	0	1	1	0	14	
0	11	11	2	2	14	
3	3	0	0	0	14	
12	12	6	6	0	0	


True
6
0	0	12	12	0	0	
0	0	0	0	8	0	
1	1	0	11	8	0	
0	0	14	11	6	6	
0	0	14	0	0	0	
0	0	14	0	0	0	


True
6
10	10	0	5	5	0	
0	0	0	0	0	0	
1	1	0	3	0	0	
0	0	0	3	7	7	
0	0	0	2	2	0	
0	0	0	0	0	0	


True
2
0	5	0	11	0	0	
0	5	0	11	0	0	
0	0	1	1	0	0	
0	14	0	0	10	10	
0	14	0	0	9	3	
0	14	0	0	9	3	


True
4
0	0	5	5	0	0	
13	0	3	3	0	9	
13	0	1	1	0	9	
13	16	16	16	0	0	
15	15	15	0	0	0	
0	0	4	4	0	0	


True
12
8	12	12	0	0	0	
8	0	6	0	0	0	
1	1	6	0	5	0	
4	16	0	0	5	0	
4	16	0	13	13	13	
0	16	14	14	14	0	


True
2
0	0	7	7	0	0	
0	0	0	0	0	0	
0	0	1	1	0	0	
0	12	12	10	10	2	
11	11	4	4	9	2	
0	0	8	8	9	0	


True
5
5	5	0	0	0	0	
0	6	3	3	2	0	
0	6	1	1	2	11	
0	12	12	10	0	11	
0	0	0	10	0	9	
0	0	13	13	13	9	


True
2
0	0	0	13	13	13	
0	4	12	12	0	0	
0	4	1	1	0	0	
0	0	7	0	0	0	
0	0	7	0	3	3	
0	0	0	0	8	8	


True
4
0	0	0	16	16	16	
0	8	8	0	0	9	
10	10	1	1	0	9	
0	0	0	0	14	0	
0	0	0	0	14	0	
0	0	0	0	14	0	


True
2
0	0	7	7	0	0	
0	4	0	0	10	10	
0	4	1	1	0	0	
0	15	0	0	0	0	
0	15	3	2	2	0	
0	15	3	0	0	0	


True
3
9	0	11	0	0	0	
9	0	11	0	0	5	
10	10	1	1	0	5	
0	0	2	2	16	0	
12	12	0	0	16	0	
0	0	8	8	16	0	


True
1
6	0	9	9	0	3	
6	12	12	0	0	3	
4	4	2	1	1	0	
0	0	2	0	0	0	
0	8	8	0	0	0	
0	10	10	0	7	7	


True
1
0	0	2	2	0	9	
0	7	7	0	0	9	
12	0	0	1	1	0	
12	0	8	8	0	3	
14	14	14	11	11	3	
0	0	4	4	0	0	


True
7
0	0	0	0	3	3	
4	4	0	0	0	12	
1	1	0	0	0	12	
0	0	0	0	15	7	
5	5	2	2	15	7	
0	0	8	8	15	0	


True
1
4	0	0	11	11	0	
4	0	16	16	16	0	
0	14	6	1	1	0	
0	14	6	0	0	7	
0	14	0	0	2	7	
15	15	15	0	2	0	


True
2
0	5	0	0	2	2	
0	5	0	13	13	13	
9	9	1	1	0	0	
0	0	0	0	10	10	
0	0	0	11	0	8	
14	14	14	11	0	8	


True
9
0	0	0	0	8	0	
12	0	5	5	8	0	
12	7	1	1	13	0	
0	7	2	2	13	10	
0	0	0	0	13	10	
0	0	0	0	9	9	


True
2
9	0	0	0	0	0	
9	0	0	0	0	0	
0	0	1	1	0	0	
14	14	14	13	13	13	
4	4	3	3	0	0	
0	0	16	16	16	0	


True
8
0	0	0	12	12	9	
0	0	10	8	8	9	
1	1	10	0	0	3	
7	0	0	5	5	3	
7	0	0	16	16	16	
0	15	15	15	0	0	


True
11
0	0	0	0	0	0	
0	0	0	0	0	0	
1	1	14	0	12	6	
0	0	14	16	12	6	
7	7	14	16	2	0	
0	0	0	16	2	0	


True
1
0	10	10	0	0	5	
0	0	13	13	13	5	
0	0	7	1	1	0	
11	0	7	9	0	0	
11	3	0	9	2	2	
0	3	0	0	0	0	


True
4
0	10	10	0	0	15	
3	2	0	0	0	15	
3	2	0	1	1	15	
0	0	0	0	0	0	
9	9	6	5	0	0	
0	0	6	5	0	0	


True
9
0	16	16	16	0	0	
0	11	11	0	10	0	
1	1	0	12	10	7	
0	0	0	12	0	7	
0	0	4	0	0	0	
0	0	4	13	13	13	


True
14
0	11	11	0	9	9	
14	14	14	0	3	0	
13	0	1	1	3	0	
13	5	0	0	0	0	
13	5	0	0	6	2	
0	0	10	10	6	2	


True
9
0	0	0	0	0	0	
0	10	10	0	0	0	
1	1	0	0	12	0	
14	0	8	8	12	6	
14	0	9	0	0	6	
14	0	9	0	5	5	


True
1
0	10	10	0	0	0	
15	0	0	0	0	0	
15	0	0	1	1	0	
15	0	0	4	0	0	
2	6	6	4	3	3	
2	0	9	9	0	0	


True
2
0	2	2	0	0	0	
5	5	0	0	0	0	
9	9	1	1	0	0	
0	0	0	0	13	0	
11	0	3	3	13	0	
11	0	0	0	13	0	


True
4
0	0	0	4	0	0	
2	2	0	4	0	0	
1	1	0	0	0	0	
3	3	10	10	0	0	
0	0	0	9	9	0	
0	0	0	13	13	13	


True
2
0	3	3	4	7	7	
8	8	0	4	0	0	
2	2	1	1	0	0	
6	0	10	0	0	12	
6	0	10	0	11	12	
0	0	0	0	11	0	


True
3
0	0	2	0	10	10	
0	0	2	0	0	11	
0	0	0	1	1	11	
0	0	0	8	9	9	
0	0	0	8	0	0	
5	5	12	12	0	0	


True
1
0	0	0	0	0	0	
0	0	0	0	8	8	
0	7	0	1	1	0	
2	7	0	0	0	0	
2	5	0	0	12	12	
0	5	0	0	0	0	


True
21
11	0	0	0	0	10	
11	0	15	0	2	10	
1	1	15	6	2	0	
0	0	15	6	0	0	
0	12	12	13	13	13	
4	4	0	3	3	0	


True
4
0	16	16	16	9	9	
0	0	0	0	0	4	
0	2	10	1	1	4	
0	2	10	11	11	0	
0	0	0	0	0	0	
13	13	13	8	8	0	


True
1
14	6	6	0	0	0	
14	0	0	9	9	0	
14	0	0	1	1	0	
0	0	3	0	0	0	
8	8	3	2	2	0	
0	0	0	0	11	11	


True
22
0	0	4	4	0	0	
0	0	8	0	7	0	
1	1	8	13	7	0	
2	0	0	13	9	14	
2	10	0	13	9	14	
0	10	0	0	0	14	


True
2
0	0	9	9	0	0	
0	0	0	0	0	0	
0	3	3	1	1	2	
0	7	7	11	11	2	
0	0	0	0	0	0	
8	8	0	4	4	0	


True
7
0	4	4	7	0	0	
11	11	0	7	13	0	
0	0	1	1	13	0	
6	0	0	10	13	0	
6	8	8	10	0	0	
9	9	0	0	0	0	


True
6
13	0	0	0	0	0	
13	2	3	3	0	0	
13	2	0	1	1	16	
0	0	0	0	0	16	
0	0	0	0	0	16	
15	15	15	0	8	8	


True
1
0	0	3	2	0	0	
0	0	3	2	0	0	
0	0	14	1	1	0	
0	15	14	0	0	7	
0	15	14	0	0	7	
0	15	0	0	0	0	


True
4
0	0	0	0	0	0	
0	0	10	10	0	13	
0	0	1	1	0	13	
0	0	0	0	0	13	
11	11	5	7	7	0	
0	0	5	12	12	0	


True
12
2	2	0	0	15	0	
12	12	0	9	15	0	
1	1	0	9	15	0	
0	0	0	3	0	0	
8	0	0	3	0	0	
8	0	0	0	0	0	


True
2
0	0	4	0	0	11	
0	14	4	0	0	11	
0	14	1	1	0	0	
2	14	0	0	9	0	
2	0	0	0	9	0	
0	0	0	3	3	0	


True
2
7	8	0	0	0	0	
7	8	0	0	0	3	
14	0	0	1	1	3	
14	0	6	6	4	0	
14	0	11	0	4	0	
9	9	11	0	0	0	


True
7
0	10	0	0	0	0	
0	10	8	6	9	9	
1	1	8	6	0	0	
2	2	0	3	0	0	
0	0	0	3	0	0	
5	5	0	0	0	0	


True
13
4	9	0	0	8	8	
4	9	15	0	0	5	
1	1	15	0	0	5	
12	0	15	0	6	6	
12	0	0	0	0	0	
0	3	3	0	0	0	


True
2
9	0	4	4	0	0	
9	0	0	0	0	0	
0	0	1	1	0	0	
0	0	0	3	3	5	
10	10	0	0	0	5	
0	7	7	15	15	15	


True
1
16	16	16	0	10	10	
0	5	5	0	0	0	
0	11	11	1	1	0	
0	0	0	0	2	0	
3	0	8	8	2	0	
3	0	0	0	0	0	


True
2
0	4	3	6	5	0	
8	4	3	6	5	0	
8	0	1	1	0	0	
0	13	0	0	0	0	
0	13	2	0	0	0	
0	13	2	0	0	0	


True
4
0	0	0	0	5	0	
9	0	0	0	5	10	
9	8	1	1	0	10	
0	8	0	3	4	0	
0	0	0	3	4	0	
14	14	14	0	0	0	


True
13
3	3	0	0	0	0	
0	0	16	16	16	0	
0	6	1	1	10	0	
0	6	0	0	10	0	
14	14	14	0	5	0	
0	15	15	15	5	0	


True
2
15	0	0	0	10	0	
15	16	0	0	10	0	
15	16	1	1	0	0	
0	16	12	12	0	9	
11	11	6	6	7	9	
0	5	5	0	7	0	


False
0
0	0	0	0	16	0	
0	0	0	0	16	0	
15	0	1	1	16	0	
15	0	0	9	0	0	
15	0	0	9	2	2	
0	0	0	0	0	0	


True
2
0	14	12	0	0	0	
5	14	12	0	0	0	
5	14	1	1	0	0	
0	0	4	0	0	0	
0	9	4	10	0	3	
0	9	0	10	0	3	


True
4
0	0	0	0	0	0	
0	0	0	0	4	0	
9	9	1	1	4	13	
16	6	6	10	0	13	
16	0	0	10	0	13	
16	0	7	7	0	0	


True
13
0	0	0	0	15	0	
0	3	3	0	15	0	
1	1	0	14	15	0	
0	0	11	14	0	0	
0	7	11	14	0	4	
0	7	0	0	0	4	


True
1
0	0	0	0	0	9	
0	0	3	0	0	9	
7	7	3	1	1	0	
0	11	11	0	16	2	
0	0	0	0	16	2	
0	14	14	14	16	0	


True
2
0	0	9	9	0	0	
7	7	0	0	10	10	
12	0	0	1	1	16	
12	0	4	0	15	16	
6	0	4	0	15	16	
6	0	0	0	15	0	


True
5
15	11	4	2	6	6	
15	11	4	2	7	0	
15	0	1	1	7	0	
0	13	0	0	0	0	
0	13	0	0	0	0	
0	13	0	8	8	0	


True
2
0	0	4	4	8	8	
0	0	0	6	6	0	
10	0	1	1	0	0	
10	5	12	11	11	0	
0	5	12	0	0	0	
9	9	0	0	0	0	


True
2
0	0	0	0	0	0	
16	10	0	0	0	0	
16	10	1	1	0	0	
16	0	9	12	0	0	
0	0	9	12	0	0	
0	0	0	3	3	0	


True
4
0	0	0	0	0	0	
3	3	0	0	6	6	
1	1	0	0	0	0	
0	9	0	0	0	0	
0	9	16	16	16	0	
0	0	0	0	10	10	


True
20
0	0	0	0	3	0	
12	12	13	0	3	6	
1	1	13	0	0	6	
0	0	13	0	0	0	
0	11	11	5	9	0	
0	0	0	5	9	0	


True
2
0	0	10	0	0	0	
0	0	10	0	0	0	
0	0	1	1	0	0	
8	5	5	0	0	0	
8	0	9	9	4	0	
0	0	0	0	4	0	


False
0
0	0	13	0	0	0	
0	0	13	0	7	7	
1	1	13	0	5	14	
0	15	15	15	5	14	
4	9	0	0	0	14	
4	9	0	0	0	0	


True
2
0	0	0	0	4	4	
0	0	0	0	0	0	
0	16	1	1	0	0	
0	16	10	10	3	11	
5	16	0	0	3	11	
5	8	8	0	0	0	


True
6
0	0	0	0	0	12	
0	0	0	14	0	12	
1	1	0	14	0	0	
4	2	2	14	0	7	
4	0	0	0	0	7	
0	0	0	0	0	0	


True
2
10	10	0	13	13	13	
8	12	12	11	11	0	
8	0	1	1	0	0	
0	0	0	0	0	0	
0	7	7	14	14	14	
0	0	0	0	6	6	


True
8
0	16	0	0	0	0	
0	16	0	0	0	14	
0	16	1	1	6	14	
12	12	15	0	6	14	
0	0	15	10	0	0	
11	11	15	10	3	3	


True
1
0	0	0	0	0	0	
14	14	14	0	0	0	
0	0	0	1	1	0	
0	0	0	0	3	3	
0	4	4	16	16	16	
0	6	6	13	13	13	


True
5
0	0	12	0	10	10	
13	0	12	0	0	15	
13	0	0	1	1	15	
13	0	0	0	0	15	
0	9	9	3	3	0	
0	14	14	14	0	0	


True
2
0	0	13	13	13	0	
0	0	2	2	0	9	
10	0	0	1	1	9	
10	12	0	0	0	15	
0	12	0	0	0	15	
3	3	0	0	0	15	


True
3
12	4	3	3	0	0	
12	4	0	0	0	5	
0	0	1	1	0	5	
0	0	0	0	10	0	
0	9	9	0	10	0	
0	0	0	14	14	14	


True
1
0	0	0	0	0	0	
0	0	0	0	10	10	
0	3	3	1	1	0	
0	0	0	0	9	2	
0	0	4	7	9	2	
0	0	4	7	0	0	


True
3
5	0	0	0	6	6	
5	10	0	0	0	7	
0	10	0	1	1	7	
2	2	3	3	0	0	
0	12	0	0	0	0	
0	12	14	14	14	0	


True
2
16	13	0	0	0	0	
16	13	0	0	0	0	
16	13	1	1	0	0	
0	9	10	14	0	0	
3	9	10	14	4	0	
3	0	0	14	4	0	


True
6
0	13	13	13	4	4	
0	0	5	5	0	0	
1	1	0	2	0	0	
0	0	0	2	0	0	
0	0	12	0	10	0	
0	0	12	0	10	0	


True
2
10	0	7	7	0	0	
10	0	0	12	12	0	
0	8	1	1	0	0	
0	8	0	0	9	9	
4	13	13	13	0	0	
4	0	15	15	15	0	


True
1
7	12	12	0	9	0	
7	0	10	0	9	0	
0	0	10	1	1	0	
15	0	0	0	0	0	
15	0	13	13	13	0	
15	0	0	0	0	0	


True
2
0	0	0	6	9	0	
15	15	15	6	9	0	
0	0	1	1	0	0	
11	11	0	0	0	0	
5	0	0	0	2	2	
5	0	0	0	0	0	


True
2
0	7	0	2	11	11	
0	7	0	2	0	0	
0	0	1	1	0	0	
0	0	0	3	0	0	
0	0	8	3	0	9	
0	0	8	0	0	9	


True
5
0	0	0	3	0	11	
4	2	0	3	15	11	
4	2	1	1	15	0	
10	0	16	0	15	0	
10	0	16	0	0	0	
0	0	16	0	0	0	


True
5
2	2	0	0	0	0	
9	9	0	0	14	0	
0	0	1	1	14	0	
0	0	0	0	14	4	
0	3	0	0	0	4	
0	3	8	8	0	0	


True
1
0	0	0	0	0	10	
3	6	0	0	0	10	
3	6	0	1	1	0	
0	0	4	4	0	0	
0	15	15	15	0	0	
0	0	12	12	11	11	


True
2
11	0	4	4	0	10	
11	6	6	0	0	10	
12	12	1	1	0	0	
0	2	0	0	0	0	
7	2	0	0	0	0	
7	14	14	14	0	0	


True
2
0	0	7	8	0	0	
0	0	7	8	0	5	
0	2	2	1	1	5	
9	9	0	12	12	0	
0	0	0	0	0	3	
0	4	4	0	0	3	


True
9
0	0	0	11	0	7	
0	0	0	11	10	7	
1	1	5	0	10	0	
0	0	5	3	3	4	
9	9	0	0	0	4	
0	0	0	0	0	0	


True
1
0	0	0	8	8	0	
0	0	0	0	0	0	
0	0	6	1	1	0	
0	0	6	16	0	13	
10	10	0	16	0	13	
0	0	0	16	0	13	


True
3
15	0	9	2	2	0	
15	16	9	0	5	5	
15	16	1	1	0	3	
0	16	4	0	0	3	
0	11	4	0	0	0	
0	11	0	0	10	10	


True
1
0	0	0	0	0	0	
12	0	0	0	0	0	
12	0	0	1	1	0	
0	0	7	0	5	5	
0	0	7	11	11	0	
0	4	4	0	0	0	


True
2
0	8	8	0	9	0	
2	0	0	0	9	0	
2	12	1	1	0	0	
13	12	0	0	0	0	
13	0	0	0	0	0	
13	0	0	0	10	10	


True
7
9	3	0	0	0	7	
9	3	0	8	8	7	
1	1	0	0	14	0	
11	11	0	0	14	0	
15	15	15	0	14	0	
0	0	0	0	0	0	


True
2
14	4	4	7	7	0	
14	0	0	11	11	0	
14	0	1	1	0	0	
0	0	10	16	16	16	
5	5	10	0	3	0	
0	0	0	0	3	0	


True
1
0	8	16	16	16	0	
0	8	0	10	10	0	
0	7	0	1	1	0	
6	7	0	14	0	0	
6	0	0	14	5	0	
0	0	0	14	5	0	


True
9
0	0	10	12	12	0	
0	0	10	6	0	0	
1	1	0	6	0	14	
0	15	15	15	0	14	
0	0	11	11	0	14	
0	0	0	0	3	3	


True
5
16	16	16	0	0	0	
0	0	0	2	0	0	
1	1	0	2	0	0	
0	4	4	0	0	0	
0	0	0	6	6	0	
0	0	12	12	3	3	


True
1
0	0	0	0	0	0	
0	6	8	0	0	0	
0	6	8	1	1	0	
5	5	0	0	0	0	
0	15	15	15	0	0	
0	0	4	4	0	0	


True
1
0	0	0	0	0	0	
2	2	6	6	0	0	
0	0	0	1	1	0	
4	0	0	0	0	0	
4	0	0	11	11	0	
0	0	0	12	12	0	


True
6
9	9	0	0	5	5	
16	16	16	4	0	0	
1	1	0	4	11	0	
0	0	0	15	11	0	
3	3	0	15	0	0	
0	0	0	15	0	0	


True
3
14	14	14	10	0	0	
15	0	0	10	0	0	
15	0	1	1	8	0	
15	0	0	0	8	0	
0	0	0	0	0	0	
3	3	0	0	0	0	


True
6
0	0	0	13	13	13	
0	0	0	2	2	7	
1	1	0	0	0	7	
0	0	0	0	3	3	
0	14	14	14	11	0	
16	16	16	0	11	0	


True
20
0	5	0	15	15	15	
0	5	0	0	14	0	
1	1	0	0	14	2	
0	0	0	0	14	2	
0	0	0	0	12	12	
7	7	0	0	10	10	


True
10
0	0	15	15	15	0	
0	0	0	0	0	0	
1	1	0	0	16	7	
0	5	5	0	16	7	
0	0	9	9	16	6	
0	13	13	13	0	6	


True
25
11	11	13	0	0	0	
7	7	13	0	8	0	
1	1	13	0	8	0	
6	6	2	2	0	4	
0	14	14	14	0	4	
0	0	0	0	0	0	


True
3
0	9	3	3	0	0	
7	9	0	0	0	0	
7	0	1	1	14	0	
0	0	0	16	14	15	
0	0	0	16	14	15	
6	6	0	16	0	15	


True
5
0	0	10	0	0	0	
0	0	10	11	4	4	
1	1	0	11	0	0	
0	0	9	0	13	15	
0	7	9	0	13	15	
0	7	8	8	13	15	


True
4
0	13	13	13	0	2	
0	0	14	14	14	2	
1	1	0	0	0	0	
0	9	9	0	0	0	
0	0	10	0	11	8	
0	0	10	0	11	8	


True
3
15	15	15	0	0	4	
0	13	13	13	0	4	
8	8	1	1	0	16	
0	0	0	0	0	16	
0	0	0	10	10	16	
5	5	0	0	0	0	


True
4
3	3	0	0	7	7	
0	0	0	0	0	0	
0	0	1	1	11	9	
0	0	0	0	11	9	
0	12	0	0	0	0	
0	12	0	0	8	8	


True
4
12	0	9	0	0	0	
12	0	9	0	11	0	
0	4	1	1	11	0	
0	4	0	7	10	3	
5	2	0	7	10	3	
5	2	0	15	15	15	


True
3
0	3	3	0	0	0	
0	0	12	12	0	7	
10	10	1	1	0	7	
9	4	6	6	8	8	
9	4	0	0	0	0	
0	0	0	0	0	0	


True
2
0	0	4	0	0	0	
2	2	4	0	0	0	
5	16	1	1	0	0	
5	16	0	0	0	0	
9	16	7	0	0	0	
9	0	7	14	14	14	


True
5
11	2	9	0	0	0	
11	2	9	0	0	0	
0	0	1	1	0	12	
0	0	0	5	5	12	
0	4	0	0	3	3	
0	4	0	8	8	0	


True
5
12	12	10	6	6	0	
16	0	10	0	0	0	
16	0	1	1	11	5	
16	7	7	0	11	5	
0	0	0	0	0	0	
0	9	9	0	0	0	


True
2
16	16	16	0	0	0	
13	13	13	0	0	0	
0	0	1	1	0	0	
6	6	0	5	5	0	
7	7	0	4	0	10	
0	11	11	4	0	10	


True
11
6	10	10	0	0	0	
6	0	0	0	0	3	
1	1	8	5	0	3	
2	2	8	5	12	12	
0	0	7	7	0	0	
0	14	14	14	0	0	


True
2
8	8	0	0	0	0	
0	0	7	4	4	0	
11	0	7	1	1	2	
11	0	6	6	0	2	
10	3	3	0	0	0	
10	5	5	0	0	0	


True
2
0	0	3	3	6	6	
0	0	0	0	0	0	
9	7	1	1	0	0	
9	7	0	0	2	2	
0	0	12	12	0	0	
0	0	0	0	0	0	


True
2
0	5	5	6	2	0	
0	3	3	6	2	0	
10	0	0	1	1	8	
10	14	14	14	16	8	
13	13	13	0	16	0	
0	0	0	0	16	0	


True
4
0	10	10	9	6	6	
15	15	15	9	0	0	
0	0	1	1	5	12	
4	2	2	0	5	12	
4	0	0	0	0	0	
0	0	0	0	3	3	


True
2
11	0	12	12	0	3	
11	0	0	0	0	3	
0	4	1	1	0	0	
10	4	0	0	6	14	
10	0	0	0	6	14	
0	0	0	0	0	14	


True
4
4	4	16	16	16	0	
8	0	0	0	0	0	
8	0	1	1	0	11	
0	3	3	2	2	11	
0	0	12	0	6	6	
0	0	12	0	0	0	


True
3
0	0	0	0	0	0	
0	11	15	15	15	2	
14	11	1	1	0	2	
14	12	12	0	0	0	
14	0	8	8	0	0	
0	3	3	13	13	13	


True
3
0	0	0	0	0	0	
9	9	0	0	0	15	
11	11	8	1	1	15	
12	0	8	4	0	15	
12	2	0	4	0	0	
0	2	14	14	14	0	


True
2
12	12	3	3	2	2	
0	8	8	0	0	0	
0	0	1	1	0	0	
14	14	14	4	16	0	
0	10	0	4	16	0	
0	10	11	11	16	0	


True
4
0	0	0	0	9	9	
0	0	0	0	0	0	
0	14	1	1	5	10	
0	14	7	7	5	10	
4	14	0	0	0	0	
4	0	11	11	2	2	


True
11
6	6	0	0	0	13	
2	2	0	0	0	13	
0	14	1	1	0	13	
0	14	0	12	12	0	
11	14	0	0	3	3	
11	0	0	0	0	0	


True
5
3	3	0	12	0	0	
0	0	0	12	0	0	
1	1	0	0	0	0	
15	15	15	5	5	0	
0	0	0	4	4	0	
0	0	0	0	0	0	


True
14
0	0	0	0	14	0	
0	0	0	0	14	0	
1	1	0	0	14	0	
0	0	5	7	0	0	
0	3	5	7	0	0	
0	3	0	4	4	0	


True
3
0	0	0	0	6	6	
0	0	0	0	0	0	
14	0	1	1	0	15	
14	0	5	16	0	15	
14	8	5	16	0	15	
0	8	0	16	0	0	


True
8
0	0	0	7	14	0	
0	12	12	7	14	13	
0	16	1	1	14	13	
0	16	0	0	0	13	
0	16	5	5	0	0	
0	11	11	0	0	0	


True
4
0	2	2	0	8	8	
9	9	0	0	0	12	
0	0	1	1	0	12	
0	0	15	15	15	14	
0	0	0	11	0	14	
0	0	0	11	0	14	


True
2
0	7	7	3	3	0	
4	0	0	0	0	0	
4	0	1	1	0	0	
2	2	5	8	9	9	
0	12	5	8	0	0	
0	12	15	15	15	0	


True
1
0	5	0	0	11	11	
0	5	14	0	0	0	
0	0	14	1	1	0	
0	0	14	4	4	0	
0	3	3	13	13	13	
0	0	0	7	7	0	


True
3
15	15	15	7	7	2	
0	0	0	8	8	2	
6	0	1	1	5	0	
6	0	0	16	5	11	
0	0	0	16	0	11	
0	10	10	16	0	0	


True
5
9	9	0	0	2	2	
0	0	0	0	0	16	
5	0	11	1	1	16	
5	0	11	0	3	16	
4	4	0	7	3	0	
0	8	8	7	0	0	


True
2
0	12	12	0	0	5	
14	14	14	0	0	5	
0	0	1	1	0	0	
0	0	0	0	0	0	
0	0	9	0	0	0	
0	0	9	0	0	0	


True
2
0	0	0	8	8	0	
0	0	6	6	0	0	
0	0	0	1	1	5	
2	7	0	0	0	5	
2	7	11	11	0	0	
0	0	0	0	0	0	


True
10
0	3	0	12	12	0	
0	3	0	0	16	0	
2	2	1	1	16	0	
0	0	0	0	16	0	
7	0	0	13	13	13	
7	0	0	0	6	6	


True
3
0	0	10	0	0	0	
0	0	10	0	0	0	
0	3	1	1	0	7	
0	3	2	2	0	7	
5	0	12	12	0	0	
5	0	16	16	16	0	


True
2
0	0	0	0	10	10	
7	0	4	4	0	0	
7	2	0	1	1	12	
14	2	6	0	0	12	
14	0	6	0	0	0	
14	0	0	0	0	0	


True
9
0	0	13	0	0	8	
12	12	13	0	16	8	
1	1	13	0	16	0	
0	0	0	4	16	10	
0	0	0	4	0	10	
0	0	0	0	0	0	


True
4
16	0	0	0	4	0	
16	15	15	15	4	14	
16	0	1	1	0	14	
0	0	0	13	0	14	
0	7	7	13	9	0	
0	5	5	13	9	0	


True
1
0	0	0	0	2	0	
0	0	14	0	2	0	
0	12	14	1	1	0	
0	12	14	15	15	15	
9	16	16	16	0	11	
9	6	6	0	0	11	


True
2
12	12	15	15	15	0	
0	0	0	0	0	0	
7	7	0	1	1	3	
13	0	5	0	0	3	
13	0	5	0	0	0	
13	11	11	0	0	0	


True
7
0	16	0	0	0	0	
0	16	0	0	0	0	
0	16	1	1	10	8	
5	4	0	6	10	8	
5	4	0	6	2	2	
0	0	9	9	0	0	


True
1
0	15	0	11	0	0	
0	15	0	11	0	0	
0	15	0	1	1	0	
4	0	0	0	0	13	
4	0	2	2	0	13	
0	14	14	14	0	13	


True
10
0	8	0	0	16	6	
0	8	0	0	16	6	
1	1	5	0	16	0	
0	0	5	0	0	0	
15	15	15	2	0	0	
0	0	0	2	0	0	


True
6
0	3	3	0	4	4	
0	0	0	9	9	0	
1	1	12	0	0	0	
16	0	12	15	0	0	
16	0	0	15	5	5	
16	0	0	15	0	0	


True
4
0	0	0	0	0	0	
0	0	6	6	3	3	
1	1	0	0	0	0	
13	13	13	0	0	11	
0	0	0	0	0	11	
0	0	0	0	8	8	


True
1
8	7	10	10	12	12	
8	7	0	5	5	0	
0	0	0	1	1	0	
0	0	0	0	0	0	
0	2	0	4	4	9	
0	2	0	0	0	9	


True
2
10	10	0	0	0	0	
15	0	0	0	0	0	
15	0	0	1	1	11	
15	0	0	2	2	11	
0	0	12	12	0	0	
13	13	13	0	0	0	


True
3
0	0	4	0	0	0	
9	9	4	10	10	0	
8	8	1	1	16	0	
0	0	7	0	16	0	
3	3	7	0	16	0	
0	0	12	12	0	0	


True
5
12	0	0	0	0	0	
12	0	5	5	0	0	
7	0	1	1	4	0	
7	0	9	9	4	0	
0	0	0	0	2	0	
0	0	0	0	2	0	


True
2
0	0	0	0	0	0	
0	0	0	0	12	12	
0	0	1	1	0	0	
0	13	16	0	7	7	
0	13	16	0	0	0	
0	13	16	0	6	6	


True
4
13	13	13	0	5	0	
0	0	0	0	5	11	
0	0	1	1	16	11	
0	0	0	0	16	0	
0	12	3	3	16	0	
0	12	0	0	0	0	


True
2
0	0	3	0	8	0	
0	0	3	0	8	0	
4	0	1	1	0	0	
4	6	6	16	16	16	
11	14	14	14	12	12	
11	0	0	13	13	13	


True
2
0	15	0	5	12	12	
0	15	0	5	0	0	
0	15	1	1	0	0	
9	9	0	4	4	0	
0	0	0	13	13	13	
0	0	0	0	0	0	


True
2
0	0	7	0	0	0	
0	0	7	0	0	0	
4	4	1	1	0	0	
0	0	10	0	0	5	
0	0	10	3	3	5	
0	6	6	0	8	8	


True
2
0	0	12	0	0	0	
0	16	12	14	14	14	
0	16	1	1	0	0	
0	16	0	3	3	0	
0	0	0	10	10	0	
0	0	0	0	4	4	


True
1
0	7	7	0	0	0	
16	0	11	0	0	0	
16	0	11	1	1	0	
16	12	12	0	0	0	
0	0	14	14	14	0	
0	15	15	15	0	0	


True
1
0	0	0	0	0	0	
0	0	8	8	12	12	
0	11	11	1	1	0	
0	0	9	9	0	0	
0	0	3	3	0	0	
0	0	5	5	0	0	


True
7
0	16	16	16	3	0	
0	7	7	0	3	0	
1	1	0	0	0	0	
0	0	0	4	4	0	
5	0	0	0	0	0	
5	15	15	15	0	0	


True
1
0	0	0	4	0	0	
0	14	0	4	12	12	
0	14	0	1	1	0	
15	14	3	0	0	2	
15	0	3	0	0	2	
15	0	10	10	0	0	


True
15
2	0	13	0	0	0	
2	0	13	0	0	8	
1	1	13	0	0	8	
7	0	0	9	11	11	
7	0	0	9	0	0	
0	0	15	15	15	0	


True
3
0	2	2	13	13	13	
5	0	15	15	15	0	
5	0	1	1	16	0	
4	0	0	0	16	0	
4	11	0	3	16	0	
0	11	0	3	0	0	


True
4
0	0	0	0	0	0	
0	0	14	14	14	0	
1	1	0	0	0	0	
0	15	8	0	11	11	
0	15	8	0	0	0	
0	15	7	7	0	0	


True
2
0	10	10	0	0	0	
8	0	0	6	6	0	
8	0	1	1	0	0	
0	4	4	0	0	15	
0	5	5	0	7	15	
0	16	16	16	7	15	


True
10
3	3	0	0	0	0	
0	9	9	5	7	2	
1	1	0	5	7	2	
11	0	0	0	0	15	
11	0	0	10	8	15	
0	4	4	10	8	15	


True
9
3	3	0	0	0	0	
0	0	0	8	0	0	
1	1	0	8	13	0	
10	0	0	0	13	9	
10	16	16	16	13	9	
0	0	12	12	0	0	


True
2
0	0	0	0	3	0	
5	5	0	0	3	0	
0	0	1	1	0	0	
0	6	14	14	14	0	
0	6	7	0	0	0	
0	0	7	0	0	0	


