True
4
0	0	0	0	0	0	
0	0	0	0	0	0	
1	1	0	0	0	0	
15	0	0	0	0	0	
15	2	7	16	16	16	
15	2	7	0	5	5	


True
1
5	0	2	0	6	6	
5	0	2	0	4	4	
0	0	9	9	1	1	
0	0	0	0	0	0	
10	10	0	0	0	0	
12	12	0	0	0	0	


True
3
0	2	0	9	11	11	
0	2	0	9	0	0	
5	1	1	0	0	0	
5	0	0	0	0	0	
3	0	7	0	0	0	
3	0	7	0	0	0	


True
1
0	3	0	0	0	0	
8	3	0	0	0	0	
8	0	0	16	1	1	
2	2	0	16	7	0	
5	0	0	16	7	0	
5	0	0	15	15	15	


True
4
0	0	7	12	0	0	
4	4	7	12	5	5	
1	1	0	0	0	0	
0	16	0	0	0	0	
6	16	3	3	0	0	
6	16	0	0	11	11	


False
0
16	16	16	0	15	11	
0	0	0	0	15	11	
1	1	0	0	15	0	
13	0	5	0	4	4	
13	0	5	0	12	12	
13	7	7	0	0	0	


True
1
10	0	0	0	9	9	
10	0	0	16	0	0	
0	0	8	16	1	1	
0	0	8	16	0	5	
0	0	6	4	4	5	
0	0	6	0	0	0	


True
1
6	6	0	0	0	0	
14	14	14	0	0	0	
16	16	16	1	1	0	
10	10	0	0	0	0	
12	12	0	0	0	0	
7	7	0	0	3	3	


True
5
12	12	0	0	0	6	
0	0	0	0	0	6	
1	1	0	0	0	0	
14	0	0	0	11	11	
14	2	3	3	0	0	
14	2	8	8	7	7	


True
12
0	11	10	2	0	0	
0	11	10	2	12	12	
1	1	0	0	9	6	
16	0	0	0	9	6	
16	0	0	0	7	7	
16	0	0	0	0	0	


True
7
0	0	0	0	9	9	
0	0	8	8	12	12	
1	1	0	0	7	10	
11	11	0	0	7	10	
0	2	6	0	0	0	
0	2	6	0	0	0	


True
2
0	14	0	0	6	6	
0	14	5	5	9	9	
0	14	1	1	0	0	
12	12	0	0	0	0	
15	15	15	0	0	0	
0	0	0	0	4	4	


True
1
0	0	0	16	7	7	
4	4	0	16	0	0	
6	6	0	16	1	1	
0	0	0	0	8	8	
10	0	0	14	14	14	
10	0	0	0	0	0	


True
1
0	0	0	0	10	10	
9	9	0	16	11	11	
0	6	6	16	1	1	
0	0	0	16	7	7	
0	0	0	2	0	0	
0	0	0	2	0	0	


True
3
0	12	0	14	14	14	
0	12	7	7	0	8	
15	15	15	1	1	8	
0	0	0	13	0	3	
0	0	0	13	0	3	
0	6	6	13	2	2	


True
1
0	13	13	13	4	4	
7	7	12	12	0	0	
0	0	10	10	1	1	
0	0	0	0	0	0	
11	11	9	9	0	0	
0	0	0	16	16	16	


True
4
7	0	0	14	14	14	
7	4	4	0	16	0	
5	5	1	1	16	0	
8	0	0	12	16	0	
8	0	0	12	0	0	
0	0	0	0	0	0	


True
18
5	0	0	0	16	0	
5	13	13	13	16	0	
1	1	4	0	16	0	
0	0	4	0	0	0	
0	0	9	12	0	0	
0	0	9	12	0	0	


True
1
0	0	0	15	15	15	
5	5	0	0	0	0	
3	14	12	12	1	1	
3	14	2	0	0	0	
4	14	2	8	11	0	
4	9	9	8	11	0	


True
6
12	12	7	0	0	0	
0	0	7	3	3	2	
1	1	0	0	0	2	
8	8	10	10	0	9	
0	0	0	0	0	9	
0	0	0	0	11	11	


True
1
0	0	0	0	0	0	
0	0	0	13	0	0	
0	0	0	13	1	1	
6	6	0	13	9	9	
12	0	5	14	14	14	
12	0	5	0	0	0	


True
1
8	0	0	15	15	15	
8	0	0	0	0	0	
14	14	14	1	1	0	
0	0	0	0	0	0	
0	0	0	0	2	2	
9	9	0	0	0	0	


True
2
0	0	0	0	0	0	
11	11	3	3	0	0	
4	4	1	1	0	0	
0	0	0	0	0	0	
5	0	0	15	15	15	
5	0	0	0	0	0	


True
4
15	0	0	2	2	14	
15	0	0	8	8	14	
15	5	5	1	1	14	
0	0	16	0	0	0	
0	0	16	9	4	0	
0	0	16	9	4	0	


True
5
8	0	0	0	5	5	
8	0	0	6	4	4	
1	1	0	6	0	0	
10	10	16	16	16	0	
0	0	0	0	0	0	
0	0	9	9	12	12	


True
1
0	13	6	16	5	5	
0	13	6	16	0	0	
0	13	0	16	1	1	
0	0	0	0	4	0	
2	0	0	0	4	0	
2	0	0	0	12	12	


True
13
12	0	3	0	9	9	
12	0	3	16	16	16	
1	1	0	0	0	11	
0	0	0	0	0	11	
0	0	0	0	0	4	
15	15	15	0	0	4	


True
2
0	0	0	0	0	0	
14	14	14	3	3	0	
7	7	1	1	0	0	
13	0	0	0	0	0	
13	0	0	0	5	5	
13	0	0	0	2	2	


True
3
0	0	0	0	11	11	
13	13	13	0	0	0	
3	1	1	0	0	0	
3	0	0	0	0	0	
7	0	0	16	16	16	
7	0	0	15	15	15	


True
4
16	16	16	0	10	0	
7	6	6	0	10	0	
7	1	1	0	0	0	
8	8	0	15	0	0	
3	3	0	15	0	0	
0	0	0	15	0	0	


True
2
0	0	0	0	7	7	
0	0	0	0	0	0	
0	9	1	1	0	0	
15	9	0	0	3	3	
15	8	0	14	14	14	
15	8	0	0	6	6	


True
5
8	0	0	0	4	4	
8	11	11	0	3	0	
12	12	1	1	3	0	
14	0	16	0	13	0	
14	0	16	0	13	0	
14	0	16	0	13	0	


True
7
0	12	0	6	6	4	
0	12	0	10	10	4	
1	1	0	0	7	0	
16	3	0	0	7	0	
16	3	9	5	0	0	
16	0	9	5	0	0	


True
5
0	0	16	16	16	0	
0	0	0	0	0	2	
0	1	1	0	0	2	
13	13	13	0	0	3	
10	7	7	12	4	3	
10	6	6	12	4	0	


True
7
0	12	5	5	10	10	
0	12	0	13	0	0	
1	1	0	13	0	0	
0	0	0	13	4	4	
9	9	0	0	0	0	
6	6	0	0	0	0	


True
4
0	0	0	0	0	0	
7	7	0	0	0	0	
1	1	0	0	0	0	
14	14	14	0	0	0	
12	0	0	0	2	2	
12	8	8	0	0	0	


True
4
0	5	6	2	2	4	
0	5	6	10	10	4	
1	1	0	0	0	0	
12	12	0	15	0	0	
0	0	0	15	0	0	
0	0	0	15	0	0	


True
24
6	0	0	9	16	0	
6	0	11	9	16	0	
1	1	11	0	16	5	
0	0	15	15	15	5	
0	0	13	13	13	8	
12	12	0	0	0	8	


True
3
3	16	0	0	5	0	
3	16	0	0	5	0	
0	16	1	1	10	0	
6	6	0	14	10	0	
12	12	9	14	0	0	
0	0	9	14	8	8	


True
7
0	0	0	12	0	0	
0	0	0	12	0	0	
1	1	4	0	0	0	
0	14	4	0	0	0	
6	14	5	5	0	0	
6	14	16	16	16	0	


True
6
10	0	0	0	3	3	
10	0	0	0	4	4	
1	1	0	2	0	0	
0	0	0	2	0	0	
9	9	12	12	5	0	
0	0	0	0	5	0	


True
1
12	0	13	0	7	0	
12	0	13	0	7	0	
5	0	13	1	1	0	
5	11	11	0	0	0	
0	0	14	14	14	10	
3	3	15	15	15	10	


True
6
12	3	3	0	0	0	
12	4	4	14	14	14	
1	1	0	10	9	0	
15	15	15	10	9	0	
0	0	0	0	0	0	
0	0	0	0	0	0	


True
1
0	0	14	6	12	12	
8	8	14	6	0	0	
0	0	14	1	1	0	
0	0	0	0	16	0	
11	0	0	0	16	7	
11	0	3	3	16	7	


True
4
12	12	0	7	3	9	
11	11	0	7	3	9	
1	1	0	0	0	0	
0	0	0	0	0	0	
10	0	0	0	0	0	
10	0	0	15	15	15	


True
2
0	0	0	0	0	0	
8	8	0	0	0	0	
4	4	1	1	0	0	
13	13	13	6	6	5	
3	3	0	0	0	5	
0	14	14	14	7	7	


True
1
15	6	2	0	0	0	
15	6	2	0	0	0	
15	0	10	1	1	0	
8	8	10	11	11	0	
13	13	13	9	3	0	
7	7	0	9	3	0	


True
2
11	11	9	9	0	0	
5	5	8	8	0	0	
7	7	1	1	0	0	
0	4	4	15	15	15	
0	0	0	0	0	0	
13	13	13	14	14	14	


True
1
4	4	0	16	0	0	
0	9	0	16	0	0	
10	9	8	16	1	1	
10	0	8	7	7	0	
11	0	5	0	0	0	
11	0	5	14	14	14	


True
5
0	0	7	7	5	5	
0	0	0	16	16	16	
1	1	0	0	0	0	
9	9	0	0	0	0	
12	12	14	14	14	0	
8	8	0	0	0	0	


True
2
0	0	0	0	5	5	
0	0	11	11	6	6	
10	10	1	1	0	0	
0	0	0	0	0	0	
14	14	14	3	8	0	
0	0	0	3	8	0	


True
7
0	0	11	0	0	0	
5	5	11	0	0	0	
1	1	10	0	0	0	
6	6	10	0	0	0	
3	3	0	0	4	0	
0	0	0	0	4	0	


True
1
0	0	16	13	0	0	
11	11	16	13	0	0	
0	0	16	13	1	1	
0	0	0	0	0	0	
9	9	14	14	14	0	
0	0	0	0	0	0	


True
4
0	0	0	0	9	9	
8	8	0	0	0	0	
1	1	0	0	0	0	
4	4	0	0	0	0	
6	6	10	2	11	11	
12	12	10	2	0	0	


True
2
0	0	8	0	0	0	
0	2	8	0	6	6	
0	2	1	1	0	0	
12	12	0	0	0	0	
7	11	0	9	9	3	
7	11	0	0	0	3	


True
4
0	12	0	0	0	0	
0	12	0	0	0	0	
1	1	0	0	0	0	
3	3	10	9	0	0	
0	0	10	9	5	5	
6	6	11	11	0	0	


True
4
0	3	0	0	0	0	
0	3	0	0	0	0	
1	1	0	0	0	0	
9	9	12	12	2	0	
7	7	10	0	2	0	
0	0	10	0	4	4	


True
4
0	8	0	4	0	0	
0	8	0	4	3	3	
1	1	0	0	0	0	
0	15	0	0	0	0	
2	15	0	0	0	0	
2	15	0	0	7	7	


True
14
0	0	0	0	10	10	
0	0	8	8	6	0	
1	1	4	0	6	0	
0	0	4	0	5	5	
0	0	9	11	12	0	
0	0	9	11	12	0	


True
9
9	0	0	0	11	11	
9	0	6	6	10	10	
1	1	15	12	0	0	
16	0	15	12	0	0	
16	0	15	14	14	14	
16	0	0	0	0	0	


True
5
0	8	7	13	13	13	
0	8	7	6	6	0	
1	1	0	0	0	0	
12	12	0	0	0	0	
14	14	14	9	0	0	
3	3	0	9	4	4	


True
3
0	0	0	0	0	0	
13	0	0	0	10	10	
13	1	1	0	0	0	
13	4	4	0	0	0	
5	7	7	3	8	12	
5	0	0	3	8	12	


True
8
16	16	16	2	2	0	
0	0	0	4	0	0	
1	1	0	4	0	0	
14	7	7	11	9	9	
14	0	12	11	0	0	
14	0	12	0	0	0	


True
5
0	0	4	0	8	0	
0	0	4	0	8	11	
1	1	0	0	0	11	
9	9	6	6	0	12	
10	7	7	5	0	12	
10	0	0	5	0	0	


True
1
16	0	12	0	0	0	
16	0	12	0	0	0	
16	5	5	1	1	0	
4	4	2	0	0	0	
0	0	2	0	0	0	
11	11	0	0	0	0	


True
4
0	0	0	9	0	16	
0	0	0	9	0	16	
15	15	15	1	1	16	
5	5	14	0	0	0	
0	11	14	3	0	0	
0	11	14	3	0	0	


True
2
2	2	0	0	0	0	
10	10	0	0	0	0	
15	7	1	1	0	0	
15	7	0	16	0	0	
15	3	3	16	12	12	
13	13	13	16	8	8	


True
1
0	0	0	0	3	3	
13	13	13	8	8	0	
0	16	16	16	1	1	
0	0	0	0	15	0	
0	7	2	0	15	0	
0	7	2	0	15	0	


True
2
0	0	0	0	7	7	
6	6	10	10	0	0	
2	2	1	1	0	0	
14	0	0	0	0	0	
14	9	9	0	0	0	
14	0	12	12	8	8	


True
1
10	10	0	14	0	0	
0	0	0	14	0	0	
0	0	0	14	1	1	
5	5	0	0	2	0	
6	4	11	0	2	0	
6	4	11	15	15	15	


True
3
6	0	3	0	0	0	
6	0	3	0	0	0	
4	1	1	0	0	0	
4	0	11	14	14	14	
0	0	11	0	2	2	
0	0	0	0	0	0	


True
8
6	0	5	10	10	0	
6	0	5	0	8	0	
2	2	1	1	8	0	
9	3	3	0	0	0	
9	0	0	0	4	4	
0	0	0	0	12	12	


True
2
0	0	0	0	5	5	
0	0	0	0	6	6	
2	2	1	1	0	0	
0	13	0	9	0	0	
3	13	0	9	4	8	
3	13	0	0	4	8	


True
5
8	8	9	9	6	0	
0	0	0	0	6	0	
1	1	0	0	0	0	
16	0	0	7	7	0	
16	2	0	12	0	0	
16	2	0	12	0	0	


True
6
0	0	5	13	13	13	
3	3	5	15	15	15	
1	1	0	10	0	8	
4	4	0	10	0	8	
12	11	0	0	0	0	
12	11	0	0	0	0	


True
2
9	9	14	14	14	11	
3	3	13	13	13	11	
7	7	1	1	0	0	
0	0	0	4	0	0	
12	5	0	4	10	0	
12	5	0	0	10	0	


True
4
13	13	13	0	3	10	
15	15	15	0	3	10	
1	1	0	0	0	0	
6	6	0	0	0	0	
12	0	0	0	0	0	
12	0	0	14	14	14	


True
13
2	2	15	15	15	0	
0	0	0	0	11	0	
1	1	0	0	11	0	
0	0	0	16	0	0	
8	10	5	16	0	0	
8	10	5	16	0	0	


True
1
0	0	0	0	10	0	
0	0	7	7	10	0	
0	16	16	16	1	1	
0	0	0	14	14	14	
5	0	0	0	9	0	
5	0	0	0	9	0	


True
8
0	0	0	0	0	12	
0	0	0	8	8	12	
1	1	4	0	0	0	
0	0	4	0	10	10	
11	11	6	0	0	0	
0	0	6	0	0	0	


True
5
4	4	3	0	0	2	
0	0	3	0	0	2	
1	1	0	0	0	15	
0	9	9	0	0	15	
11	0	0	0	12	15	
11	7	7	0	12	0	


True
1
13	0	4	4	10	10	
13	0	0	0	0	0	
13	15	15	15	1	1	
8	8	0	0	0	0	
0	2	0	0	3	3	
0	2	0	0	12	12	


True
3
16	16	16	0	0	0	
0	0	0	13	13	13	
0	1	1	0	0	0	
2	11	11	0	0	0	
2	0	4	0	9	9	
5	5	4	0	0	0	


True
5
0	0	0	0	0	0	
0	0	0	0	0	3	
1	1	0	0	0	3	
0	0	15	14	14	14	
0	4	15	16	16	16	
0	4	15	0	6	6	


True
7
0	7	0	0	0	0	
0	7	0	0	0	0	
1	1	0	0	0	5	
0	6	16	11	11	5	
0	6	16	2	9	9	
0	0	16	2	0	0	


True
1
0	8	13	4	0	0	
0	8	13	4	0	0	
7	7	13	9	1	1	
0	14	0	9	0	0	
0	14	0	2	0	6	
0	14	0	2	0	6	


True
2
0	0	0	0	0	5	
15	15	15	0	0	5	
4	4	1	1	0	0	
11	11	0	0	0	0	
0	0	12	0	0	0	
10	10	12	0	0	0	


True
1
0	0	0	16	16	16	
0	0	0	4	0	0	
11	11	0	4	1	1	
8	8	0	14	7	0	
0	3	0	14	7	5	
0	3	0	14	0	5	


True
1
0	16	0	0	9	9	
8	16	0	0	7	7	
8	16	11	11	1	1	
15	0	0	4	6	6	
15	0	0	4	0	0	
15	0	0	0	0	0	


False
0
4	4	2	13	13	13	
0	0	2	16	10	10	
1	1	0	16	5	0	
0	0	0	16	5	0	
0	0	0	0	9	9	
0	0	0	0	6	6	


True
1
0	0	0	0	0	0	
0	0	0	0	0	0	
13	13	13	1	1	0	
0	0	15	14	14	14	
5	4	15	0	7	6	
5	4	15	0	7	6	


True
1
0	0	2	16	0	0	
0	0	2	16	0	0	
0	0	0	16	1	1	
0	15	8	8	0	0	
6	15	0	0	12	12	
6	15	0	0	11	11	


True
6
0	11	8	0	3	3	
0	11	8	7	7	5	
1	1	0	0	0	5	
0	0	0	15	15	15	
0	0	0	0	0	0	
0	0	0	0	0	0	


True
16
0	13	13	13	12	12	
0	0	3	2	0	0	
1	1	3	2	0	0	
16	0	0	0	0	0	
16	11	0	0	0	7	
16	11	0	0	0	7	


True
5
0	0	0	0	9	9	
14	14	14	0	0	0	
1	1	0	0	0	0	
13	0	0	0	6	6	
13	8	8	12	12	0	
13	0	0	16	16	16	


True
2
0	0	0	3	9	0	
0	0	0	3	9	0	
4	4	1	1	0	0	
8	8	0	0	0	7	
12	0	0	0	0	7	
12	0	0	16	16	16	


True
6
0	15	15	15	3	3	
0	5	12	0	0	0	
0	5	12	1	1	11	
0	0	7	0	0	11	
0	0	7	6	0	4	
14	14	14	6	0	4	


True
5
9	0	0	0	0	0	
9	0	0	0	0	0	
1	1	0	0	0	0	
0	0	0	0	0	3	
5	5	6	2	0	3	
0	0	6	2	11	11	


True
1
0	0	0	0	0	0	
0	0	0	14	8	8	
9	9	0	14	1	1	
4	4	0	14	0	12	
11	2	2	7	7	12	
11	0	0	0	0	0	


True
1
16	0	0	0	0	0	
16	12	0	0	0	0	
16	12	2	2	1	1	
13	13	13	8	8	0	
10	10	11	11	0	0	
14	14	14	0	0	0	


