11.5
0	0	0	0	0	0	
0	0	0	0	0	0	
0	1	1	0	0	0	
15	0	7	0	0	0	
15	2	7	16	16	16	
15	2	0	0	5	5	


10.3
5	0	2	6	6	0	
5	0	2	0	4	4	
0	0	9	9	1	1	
0	0	0	0	0	0	
10	10	0	0	0	0	
12	12	0	0	0	0	


11.2
0	2	0	9	11	11	
0	2	0	9	0	0	
5	0	1	1	0	0	
5	0	7	0	0	0	
3	0	7	0	0	0	
3	0	0	0	0	0	


10.3
0	3	0	0	0	0	
8	3	0	16	0	0	
8	0	0	16	1	1	
2	2	0	16	7	0	
5	0	0	0	7	0	
5	0	0	15	15	15	


11.2
0	0	7	12	0	0	
4	4	7	12	5	5	
0	1	1	0	0	0	
0	16	0	0	0	0	
6	16	3	3	0	0	
6	16	0	0	11	11	


40.77339449541284
0	16	16	16	15	0	
0	0	0	0	15	11	
0	1	1	0	15	11	
13	0	5	4	4	0	
13	0	5	12	12	0	
13	0	7	7	0	0	


10.3
10	0	0	0	9	9	
10	0	0	16	0	0	
0	0	8	16	1	1	
0	0	8	16	0	0	
0	0	6	4	4	5	
0	0	6	0	0	5	


10.3
6	6	0	0	0	0	
14	14	14	0	0	0	
16	16	16	0	1	1	
10	10	0	0	0	0	
12	12	0	0	0	0	
7	7	0	0	3	3	


11.8
12	12	0	0	0	6	
0	0	0	0	0	6	
0	1	1	0	0	0	
14	2	0	11	11	0	
14	2	3	3	0	0	
14	0	8	8	7	7	


16.03333333333333
0	11	10	2	0	0	
0	11	10	2	12	12	
0	1	1	0	9	6	
16	0	0	0	9	6	
16	0	0	7	7	0	
16	0	0	0	0	0	


11.8
0	0	0	0	9	9	
0	0	8	8	12	12	
0	1	1	0	0	0	
11	11	0	0	7	10	
0	2	6	0	7	10	
0	2	6	0	0	0	


10.6
0	14	0	0	6	6	
0	14	5	5	9	9	
0	14	0	1	1	0	
12	12	0	0	0	0	
15	15	15	0	0	0	
0	0	0	0	4	4	


10.3
0	0	0	16	7	7	
4	4	0	16	0	0	
6	6	0	16	1	1	
10	0	0	0	8	8	
10	0	0	14	14	14	
0	0	0	0	0	0	


10.3
0	0	0	0	10	10	
0	9	9	16	11	11	
0	6	6	16	1	1	
0	0	0	16	7	7	
0	0	0	2	0	0	
0	0	0	2	0	0	


17.566666666666663
0	12	14	14	14	0	
0	12	7	7	0	8	
15	15	15	1	1	8	
0	0	0	13	0	3	
0	0	0	13	0	3	
0	6	6	13	2	2	


10.3
13	13	13	0	4	4	
7	7	12	12	0	0	
0	0	10	10	1	1	
0	0	0	0	0	0	
11	11	9	9	0	0	
0	0	0	16	16	16	


13.7
7	0	0	14	14	14	
7	4	4	0	0	0	
5	5	1	1	16	0	
8	0	0	12	16	0	
8	0	0	12	16	0	
0	0	0	0	0	0	


16.465217391304346
5	0	0	0	0	0	
5	13	13	13	16	0	
1	1	4	0	16	0	
0	0	4	12	16	0	
0	0	9	12	0	0	
0	0	9	0	0	0	


10.3
0	0	15	15	15	0	
5	5	0	0	0	0	
3	14	12	12	1	1	
3	14	2	0	0	0	
4	14	2	8	11	0	
4	9	9	8	11	0	


11.5
12	12	7	0	0	2	
0	0	7	3	3	2	
0	1	1	0	0	0	
8	8	10	10	0	9	
0	0	0	0	0	9	
0	0	0	0	11	11	


10.3
0	0	0	13	0	0	
0	0	0	13	0	0	
0	0	0	13	1	1	
6	6	0	0	9	9	
12	0	5	14	14	14	
12	0	5	0	0	0	


10.3
8	0	0	15	15	15	
8	0	0	0	0	0	
14	14	14	0	1	1	
0	0	0	0	0	0	
0	0	0	0	2	2	
9	9	0	0	0	0	


10.6
0	0	0	0	0	0	
11	11	3	3	0	0	
4	4	0	1	1	0	
0	0	0	0	0	0	
5	0	0	15	15	15	
5	0	0	0	0	0	


13.466666666666665
0	0	0	2	2	0	
15	0	0	8	8	14	
15	5	5	1	1	14	
15	0	16	9	0	14	
0	0	16	9	4	0	
0	0	16	0	4	0	


11.5
8	0	0	6	5	5	
8	0	0	6	4	4	
0	1	1	0	0	0	
10	10	16	16	16	0	
0	0	0	0	0	0	
0	0	9	9	12	12	


10.3
0	13	6	16	5	5	
0	13	6	16	0	0	
0	13	0	16	1	1	
0	0	0	0	4	0	
2	0	0	0	4	0	
2	0	0	12	12	0	


18.68095238095238
12	0	0	9	9	0	
12	0	3	16	16	16	
1	1	3	0	0	11	
0	0	0	0	0	11	
0	0	0	0	0	4	
0	15	15	15	0	4	


10.6
0	0	0	0	0	0	
14	14	14	3	3	0	
7	7	0	1	1	0	
13	0	0	0	0	0	
13	0	0	0	5	5	
13	0	0	0	2	2	


10.9
0	0	0	0	11	11	
13	13	13	0	0	0	
3	0	1	1	0	0	
3	0	0	0	0	0	
7	0	0	16	16	16	
7	0	0	15	15	15	


11.2
16	16	16	0	10	0	
7	6	6	0	10	0	
7	0	1	1	0	0	
0	8	8	15	0	0	
3	3	0	15	0	0	
0	0	0	15	0	0	


10.6
0	0	0	0	7	7	
0	0	0	0	0	0	
0	9	0	1	1	0	
15	9	0	0	3	3	
15	8	0	14	14	14	
15	8	0	0	6	6	


15.133333333333333
8	0	0	4	4	0	
8	0	11	11	3	0	
12	12	1	1	3	0	
14	0	16	0	13	0	
14	0	16	0	13	0	
14	0	16	0	13	0	


12.4
0	12	0	6	6	4	
0	12	10	10	0	4	
0	1	1	0	0	0	
16	0	9	0	7	0	
16	3	9	5	7	0	
16	3	0	5	0	0	


12.1
0	16	16	16	0	2	
0	0	0	0	0	2	
0	0	1	1	0	0	
13	13	13	0	4	0	
10	7	7	12	4	3	
10	6	6	12	0	3	


11.8
0	12	5	5	10	10	
0	12	0	0	0	0	
0	1	1	13	0	0	
0	0	0	13	4	4	
9	9	0	13	0	0	
6	6	0	0	0	0	


11.2
0	0	0	0	0	0	
7	7	0	0	0	0	
0	1	1	0	0	0	
14	14	14	0	0	0	
12	0	0	0	2	2	
12	8	8	0	0	0	


11.2
0	5	6	2	2	4	
0	5	6	10	10	4	
0	1	1	0	0	0	
12	12	0	15	0	0	
0	0	0	15	0	0	
0	0	0	15	0	0	


15.399999999999999
6	0	11	9	16	0	
6	0	11	9	16	5	
1	1	0	0	16	5	
0	15	15	15	0	0	
0	13	13	13	0	8	
0	12	12	0	0	8	


14.233333333333333
3	16	0	0	5	0	
3	16	0	0	5	0	
0	16	1	1	0	0	
6	6	0	14	10	0	
12	12	9	14	10	0	
0	0	9	14	8	8	


13.65
0	0	0	12	0	0	
0	0	4	12	0	0	
1	1	4	0	0	0	
6	14	0	0	0	0	
6	14	5	5	0	0	
0	14	16	16	16	0	


11.8
10	0	0	0	3	3	
10	0	0	2	4	4	
0	1	1	2	0	0	
0	0	0	0	0	0	
9	9	12	12	5	0	
0	0	0	0	5	0	


10.3
12	0	13	0	7	0	
12	0	13	0	7	0	
5	0	13	0	1	1	
5	11	11	0	0	0	
0	0	14	14	14	10	
3	3	15	15	15	10	


13.528571428571427
12	3	3	0	0	0	
12	4	4	14	14	14	
0	1	1	0	0	0	
15	15	15	10	9	0	
0	0	0	10	9	0	
0	0	0	0	0	0	


10.3
0	0	14	6	12	12	
8	8	14	6	0	0	
0	0	14	0	1	1	
0	0	0	0	16	0	
11	0	0	0	16	7	
11	0	3	3	16	7	


11.2
12	12	0	7	3	9	
11	11	0	7	3	9	
0	1	1	0	0	0	
0	0	0	0	0	0	
10	0	0	0	0	0	
10	0	0	15	15	15	


10.6
0	0	0	0	0	0	
8	8	0	0	0	0	
4	4	0	1	1	0	
13	13	13	6	6	5	
3	3	0	0	0	5	
0	14	14	14	7	7	


10.3
15	6	2	0	0	0	
15	6	2	0	0	0	
15	0	10	0	1	1	
8	8	10	11	11	0	
13	13	13	9	3	0	
7	7	0	9	3	0	


10.6
11	11	9	9	0	0	
5	5	8	8	0	0	
7	7	0	1	1	0	
0	4	4	15	15	15	
0	0	0	0	0	0	
13	13	13	14	14	14	


10.3
4	4	0	16	0	0	
0	0	0	16	0	0	
10	9	8	16	1	1	
10	9	8	7	7	0	
11	0	5	0	0	0	
11	0	5	14	14	14	


11.2
0	0	7	7	5	5	
0	0	0	16	16	16	
0	1	1	0	0	0	
9	9	0	0	0	0	
12	12	14	14	14	0	
8	8	0	0	0	0	


10.6
0	0	0	0	5	5	
0	0	11	11	6	6	
10	10	0	1	1	0	
0	0	0	0	0	0	
14	14	14	3	8	0	
0	0	0	3	8	0	


13.466666666666669
0	0	11	0	0	0	
5	5	11	0	0	0	
1	1	0	0	0	0	
6	6	10	0	0	0	
3	3	10	0	4	0	
0	0	0	0	4	0	


10.3
0	0	16	13	0	0	
11	11	16	13	0	0	
0	0	16	13	1	1	
0	0	0	0	0	0	
9	9	0	14	14	14	
0	0	0	0	0	0	


11.5
0	0	0	0	9	9	
8	8	0	0	0	0	
0	1	1	0	0	0	
4	4	0	2	0	0	
6	6	10	2	11	11	
12	12	10	0	0	0	


10.6
0	0	8	0	0	0	
0	2	8	0	6	6	
0	2	0	1	1	0	
12	12	0	0	0	0	
7	11	0	9	9	3	
7	11	0	0	0	3	


11.2
0	12	0	0	0	0	
0	12	0	0	0	0	
0	1	1	0	0	0	
3	3	10	9	0	0	
0	0	10	9	5	5	
6	6	11	11	0	0	


11.5
0	3	0	0	0	0	
0	3	0	0	0	0	
0	1	1	0	0	0	
9	9	12	12	2	0	
7	7	10	0	2	0	
0	0	10	4	4	0	


11.2
0	8	0	4	0	0	
0	8	0	4	3	3	
0	1	1	0	0	0	
0	15	0	0	0	0	
2	15	0	0	0	0	
2	15	0	0	7	7	


15.688235294117648
0	0	0	10	10	0	
0	8	8	0	6	0	
1	1	4	0	6	0	
0	0	4	5	5	0	
0	0	9	11	12	0	
0	0	9	11	12	0	


16.03333333333333
9	0	0	0	11	11	
9	6	6	0	10	10	
1	1	0	12	0	0	
16	0	15	12	0	0	
16	0	15	14	14	14	
16	0	15	0	0	0	


11.2
0	8	7	13	13	13	
0	8	7	6	6	0	
0	1	1	0	0	0	
12	12	0	0	0	0	
14	14	14	9	0	0	
3	3	0	9	4	4	


10.9
0	0	0	0	0	0	
13	0	0	0	10	10	
13	0	1	1	0	0	
13	4	4	0	0	0	
5	7	7	3	8	12	
5	0	0	3	8	12	


13.528571428571427
16	16	16	0	2	2	
0	0	0	4	0	0	
0	1	1	4	0	0	
14	7	7	0	9	9	
14	0	12	11	0	0	
14	0	12	11	0	0	


11.5
0	0	4	0	8	11	
0	0	4	0	8	11	
0	1	1	0	0	0	
9	9	6	6	0	12	
10	7	7	5	0	12	
10	0	0	5	0	0	


10.3
16	0	12	0	0	0	
16	0	12	0	0	0	
16	5	5	0	1	1	
4	4	2	0	0	0	
0	0	2	0	0	0	
11	11	0	0	0	0	


13.7
0	0	0	9	0	0	
0	0	0	9	0	16	
15	15	15	1	1	16	
5	5	14	0	0	16	
0	11	14	3	0	0	
0	11	14	3	0	0	


10.6
2	2	0	0	0	0	
10	10	0	0	0	0	
15	7	0	1	1	0	
15	7	0	16	0	0	
15	3	3	16	12	12	
13	13	13	16	8	8	


10.3
0	0	0	0	3	3	
13	13	13	8	8	0	
0	16	16	16	1	1	
0	7	0	0	15	0	
0	7	2	0	15	0	
0	0	2	0	15	0	


10.6
0	0	0	0	7	7	
6	6	10	10	0	0	
2	2	0	1	1	0	
14	0	0	0	0	0	
14	9	9	0	0	0	
14	0	12	12	8	8	


10.3
10	10	0	0	0	0	
0	0	0	14	0	0	
0	0	0	14	1	1	
5	5	0	14	2	0	
6	4	11	0	2	0	
6	4	11	15	15	15	


10.9
6	0	3	0	0	0	
6	0	3	0	0	0	
4	0	1	1	0	0	
4	0	11	14	14	14	
0	0	11	0	2	2	
0	0	0	0	0	0	


13.485714285714284
6	0	5	0	10	10	
6	0	5	0	0	0	
2	2	1	1	8	0	
0	0	3	3	8	0	
9	0	0	4	4	0	
9	0	0	12	12	0	


10.6
0	0	0	0	5	5	
0	0	0	0	6	6	
2	2	0	1	1	0	
0	13	0	9	0	0	
3	13	0	9	4	8	
3	13	0	0	4	8	


11.5
8	8	9	9	6	0	
0	0	0	0	6	0	
0	1	1	0	0	0	
16	2	0	7	7	0	
16	2	0	12	0	0	
16	0	0	12	0	0	


14.9
0	0	0	13	13	13	
3	3	5	15	15	15	
1	1	5	0	0	0	
4	4	0	10	0	8	
12	11	0	10	0	8	
12	11	0	0	0	0	


10.6
9	9	14	14	14	11	
3	3	13	13	13	11	
7	7	0	1	1	0	
0	0	0	4	0	0	
12	5	0	4	10	0	
12	5	0	0	10	0	


11.8
0	13	13	13	3	10	
15	15	15	0	3	10	
0	1	1	0	0	0	
6	6	0	0	0	0	
12	0	0	0	0	0	
12	0	14	14	14	0	


11.0
2	2	15	15	15	0	
0	0	0	0	0	0	
0	1	1	0	11	0	
0	10	5	16	11	0	
8	10	5	16	0	0	
8	0	0	16	0	0	


10.3
0	0	0	0	10	0	
0	0	7	7	10	0	
0	16	16	16	1	1	
5	0	0	14	14	14	
5	0	0	0	9	0	
0	0	0	0	9	0	


13.65
0	0	0	0	0	0	
0	0	4	8	8	12	
1	1	4	0	0	12	
0	0	0	0	10	10	
11	11	6	0	0	0	
0	0	6	0	0	0	


11.8
4	4	3	0	0	2	
0	0	3	0	0	2	
0	1	1	0	0	0	
0	0	9	9	0	15	
11	0	0	0	12	15	
11	7	7	0	12	15	


10.3
13	0	4	4	10	10	
13	0	0	0	0	0	
13	15	15	15	1	1	
8	8	0	0	0	0	
0	2	0	0	3	3	
0	2	0	12	12	0	


10.9
16	16	16	0	0	0	
0	0	0	13	13	13	
0	0	1	1	0	0	
2	11	11	0	0	0	
2	0	4	0	9	9	
5	5	4	0	0	0	


11.5
0	0	0	0	0	3	
0	0	0	0	0	3	
0	1	1	0	0	0	
0	0	15	14	14	14	
0	4	15	16	16	16	
0	4	15	0	6	6	


12.1
0	7	0	0	0	0	
0	7	0	0	0	5	
0	1	1	0	0	5	
0	0	16	11	11	0	
0	6	16	2	9	9	
0	6	16	2	0	0	


10.3
0	8	0	4	0	0	
0	8	13	4	0	0	
7	7	13	9	1	1	
0	14	13	9	0	0	
0	14	0	2	0	6	
0	14	0	2	0	6	


10.6
0	0	0	0	0	5	
15	15	15	0	0	5	
4	4	0	1	1	0	
11	11	0	0	0	0	
0	0	12	0	0	0	
10	10	12	0	0	0	


10.3
0	0	0	16	16	16	
0	0	0	4	0	0	
11	11	0	4	1	1	
0	8	8	14	7	0	
0	3	0	14	7	5	
0	3	0	14	0	5	


10.3
0	16	0	0	9	9	
8	16	0	0	7	7	
8	16	11	11	1	1	
15	0	0	0	6	6	
15	0	0	4	0	0	
15	0	0	4	0	0	


15.438461538461539
4	4	2	13	13	13	
0	0	2	0	10	10	
0	1	1	16	5	0	
0	0	0	16	5	0	
0	0	0	16	9	9	
0	0	0	0	6	6	


10.3
0	0	0	0	0	0	
0	0	0	0	0	0	
13	13	13	0	1	1	
0	0	15	14	14	14	
5	4	15	0	7	6	
5	4	15	0	7	6	


10.3
0	0	2	16	0	0	
0	0	2	16	0	0	
0	0	0	16	1	1	
0	15	0	8	8	0	
6	15	0	0	12	12	
6	15	0	0	11	11	


13.466666666666665
0	11	8	3	3	0	
0	11	8	7	7	5	
0	1	1	0	0	5	
0	0	0	15	15	15	
0	0	0	0	0	0	
0	0	0	0	0	0	


15.0
13	13	13	0	12	12	
0	0	0	2	0	0	
1	1	3	2	0	0	
16	0	3	0	0	7	
16	11	0	0	0	7	
16	11	0	0	0	0	


11.2
0	0	0	0	9	9	
14	14	14	0	0	0	
0	1	1	0	0	0	
13	0	0	0	6	6	
13	8	8	12	12	0	
13	0	0	16	16	16	


10.6
0	0	0	3	9	0	
0	0	0	3	9	0	
4	4	0	1	1	0	
8	8	0	0	0	7	
12	0	0	0	0	7	
12	0	0	16	16	16	


15.133333333333333
15	15	15	0	3	3	
0	0	12	0	0	11	
0	5	12	1	1	11	
0	5	7	0	0	0	
0	0	7	6	0	4	
14	14	14	6	0	4	


11.2
9	0	0	0	0	0	
9	0	0	0	0	0	
0	1	1	0	0	0	
0	0	0	0	0	3	
5	5	6	2	0	3	
0	0	6	2	11	11	


10.3
0	0	0	14	0	0	
0	0	0	14	8	8	
9	9	0	14	1	1	
4	4	0	0	0	12	
11	2	2	7	7	12	
11	0	0	0	0	0	


10.3
16	0	0	0	0	0	
16	12	0	0	0	0	
16	12	2	2	1	1	
13	13	13	8	8	0	
10	10	0	11	11	0	
14	14	14	0	0	0	


