0.0
16	16	16	0	15	11	
0	0	0	0	15	11	
1	1	0	0	15	0	
13	0	5	0	4	4	
13	0	5	0	12	12	
13	7	7	0	0	0	

22.8
0	11	10	2	0	0	
0	11	10	2	12	12	
0	1	1	0	9	6	
16	0	0	0	9	6	
16	0	0	7	7	0	
16	0	0	0	0	0	

21.8
5	0	0	0	0	0	
5	13	13	13	16	0	
1	1	4	0	16	0	
0	0	4	12	16	0	
0	0	9	12	0	0	
0	0	9	0	0	0	

22.2
12	0	0	9	9	0	
12	0	3	16	16	16	
1	1	3	0	0	11	
0	0	0	0	0	11	
0	0	0	0	0	4	
15	15	15	0	0	4	

22.5
6	0	11	9	16	0	
6	0	11	9	16	5	
1	1	0	0	16	5	
0	15	15	15	0	0	
0	13	13	13	0	8	
0	12	12	0	0	8	

0.0
0	0	0	0	10	10	
0	0	8	8	6	0	
1	1	4	0	6	0	
0	0	4	0	5	5	
0	0	9	11	12	0	
0	0	9	11	12	0	

16.3
4	4	2	13	13	13	
0	0	2	0	10	10	
0	1	1	16	5	0	
0	0	0	16	5	0	
0	0	0	16	9	9	
0	0	0	0	6	6	

