40.77339449541284
0	16	16	16	15	0	
0	0	0	0	15	11	
0	1	1	0	15	11	
13	0	5	4	4	0	
13	0	5	12	12	0	
13	0	7	7	0	0	

16.03333333333333
0	11	10	2	0	0	
0	11	10	2	12	12	
0	1	1	0	9	6	
16	0	0	0	9	6	
16	0	0	7	7	0	
16	0	0	0	0	0	

17.566666666666663
0	12	14	14	14	0	
0	12	7	7	0	8	
15	15	15	1	1	8	
0	0	0	13	0	3	
0	0	0	13	0	3	
0	6	6	13	2	2	

16.465217391304346
5	0	0	0	0	0	
5	13	13	13	16	0	
1	1	4	0	16	0	
0	0	4	12	16	0	
0	0	9	12	0	0	
0	0	9	0	0	0	

18.68095238095238
12	0	0	9	9	0	
12	0	3	16	16	16	
1	1	3	0	0	11	
0	0	0	0	0	11	
0	0	0	0	0	4	
0	15	15	15	0	4	

15.133333333333333
8	0	0	4	4	0	
8	0	11	11	3	0	
12	12	1	1	3	0	
14	0	16	0	13	0	
14	0	16	0	13	0	
14	0	16	0	13	0	

15.399999999999999
6	0	11	9	16	0	
6	0	11	9	16	5	
1	1	0	0	16	5	
0	15	15	15	0	0	
0	13	13	13	0	8	
0	12	12	0	0	8	

15.688235294117648
0	0	0	10	10	0	
0	8	8	0	6	0	
1	1	4	0	6	0	
0	0	4	5	5	0	
0	0	9	11	12	0	
0	0	9	11	12	0	

16.03333333333333
9	0	0	0	11	11	
9	6	6	0	10	10	
1	1	0	12	0	0	
16	0	15	12	0	0	
16	0	15	14	14	14	
16	0	15	0	0	0	

15.438461538461539
4	4	2	13	13	13	
0	0	2	0	10	10	
0	1	1	16	5	0	
0	0	0	16	5	0	
0	0	0	16	9	9	
0	0	0	0	6	6	

15.0
13	13	13	0	12	12	
0	0	0	2	0	0	
1	1	3	2	0	0	
16	0	3	0	0	7	
16	11	0	0	0	7	
16	11	0	0	0	0	

15.133333333333333
15	15	15	0	3	3	
0	0	12	0	0	11	
0	5	12	1	1	11	
0	5	7	0	0	0	
0	0	7	6	0	4	
14	14	14	6	0	4	

