1, 0, 5.0, 2, 47.0
2, 0, 5.0, 12, 57.0
3, 0, 10.0, 1, 91.0
4, 0, 5.0, 2, 47.0
5, 0, 6.666666666666666, 3, 62.99999999999999
6, 0, 4.285714285714286, 7, 45.57142857142857
7, 0, 10.0, 1, 91.0
8, 0, 4.285714285714286, 14, 52.57142857142857
9, 0, 10.0, 1, 91.0
10, 0, 6.666666666666666, 3, 62.99999999999999
11, 0, 5.555555555555555, 9, 59.0
12, 0, 10.0, 1, 91.0
13, 0, 10.0, 2, 92.0
14, 0, 10.0, 1, 91.0
15, 0, 10.0, 1, 91.0
16, 0, 3.103448275862069, 29, 56.93103448275862
17, 0, 10.0, 1, 91.0
18, 0, 5.0, 6, 51.0
19, 0, 4.666666666666667, 15, 57.0
20, 0, 6.666666666666666, 3, 62.99999999999999
21, 0, 6.666666666666666, 3, 62.99999999999999
22, 0, 1.4285714285714284, 42, 54.857142857142854
23, 0, 10.0, 1, 91.0
24, 0, 5.0, 2, 47.0
25, 0, 2.5, 4, 26.5
26, 0, 4.545454545454545, 11, 51.90909090909091
27, 0, 8.0, 5, 77.0
28, 0, 7.777777777777778, 9, 79.0
29, 0, 10.0, 1, 91.0
30, 0, 10.0, 1, 91.0
31, 0, 10.0, 1, 91.0
32, 0, 5.0, 2, 47.0
33, 0, 8.333333333333334, 6, 81.0
34, 0, 5.0, 4, 49.0
35, 0, 5.0, 2, 47.0
36, 0, 5.0, 2, 47.0
37, 0, 10.0, 2, 92.0
38, 0, 5.7142857142857135, 7, 58.42857142857142
39, 0, 5.7142857142857135, 7, 58.42857142857142
40, 0, 6.666666666666666, 3, 62.99999999999999
