25526
0	0	0	0	0	8	
6	0	0	0	0	8	
6	0	1	1	0	0	
12	5	16	0	0	2	
12	5	16	0	11	2	
0	0	16	0	11	0	


98294
0	8	0	0	0	0	
0	8	6	6	13	0	
0	12	1	1	13	10	
4	12	11	11	13	10	
4	3	3	0	0	0	
0	0	0	16	16	16	


23890
10	10	0	0	0	0	
0	8	4	4	0	0	
2	8	0	1	1	0	
2	0	15	0	0	0	
0	5	15	0	3	3	
0	5	15	0	0	0	


296947
14	0	0	0	0	0	
14	0	0	15	15	15	
14	8	1	1	0	0	
0	8	0	0	0	0	
0	0	0	4	4	0	
0	7	7	0	0	0	


23535
0	0	0	3	0	0	
0	0	9	3	0	0	
0	0	9	1	1	8	
6	6	14	2	0	8	
0	0	14	2	0	10	
0	0	14	0	0	10	


1990123
4	0	0	0	0	0	
4	11	11	0	9	9	
1	1	0	0	0	0	
14	8	8	10	10	12	
14	0	15	15	15	12	
14	0	5	5	7	7	


25595
0	0	4	4	0	0	
9	9	13	14	14	14	
0	0	13	1	1	0	
7	7	13	6	0	0	
0	0	0	6	0	0	
0	0	15	15	15	0	


117965
5	5	0	0	0	0	
0	0	6	6	0	0	
1	1	0	11	16	9	
0	0	0	11	16	9	
0	0	0	4	16	0	
0	8	8	4	0	0	


24511
0	0	0	9	10	10	
0	0	11	9	0	0	
0	0	11	1	1	0	
0	0	0	4	4	0	
0	14	14	14	0	3	
0	12	12	0	0	3	


23983
0	0	0	3	0	0	
0	0	8	3	0	13	
0	0	8	1	1	13	
0	9	9	0	0	13	
0	10	11	11	0	0	
0	10	0	0	0	0	


115503
6	0	0	12	0	0	
6	0	4	12	7	15	
1	1	4	0	7	15	
0	0	16	16	16	15	
0	10	10	2	2	0	
0	9	9	0	0	0	


18905
0	0	0	0	2	0	
0	0	0	0	2	0	
0	0	0	1	1	0	
7	7	9	9	0	0	
12	0	0	11	0	0	
12	0	0	11	0	0	


26604
16	0	8	0	0	0	
16	0	8	0	0	5	
16	12	12	1	1	5	
0	13	0	0	7	7	
0	13	2	3	0	0	
0	13	2	3	0	0	


23958
6	3	3	0	0	0	
6	0	12	12	0	0	
14	14	14	1	1	0	
0	0	0	0	0	0	
0	0	10	0	11	11	
0	0	10	8	8	0	


28324
9	9	0	0	0	3	
16	2	2	0	0	3	
16	0	0	1	1	0	
16	0	15	11	11	0	
5	0	15	0	0	0	
5	0	15	0	10	10	


296263
0	3	0	4	4	0	
0	3	11	11	8	8	
1	1	0	16	12	6	
0	0	0	16	12	6	
0	0	0	16	5	0	
0	0	0	0	5	0	


28697
0	0	0	0	9	8	
4	4	16	0	9	8	
0	0	16	1	1	0	
0	3	16	0	0	0	
0	3	0	14	14	14	
0	15	15	15	12	12	


506111
14	14	14	9	0	0	
0	5	5	9	0	0	
1	1	0	0	0	0	
11	0	4	0	10	10	
11	0	4	0	0	0	
0	0	0	12	12	0	


903986
0	4	4	0	3	0	
0	0	12	0	3	14	
1	1	12	9	0	14	
2	2	0	9	0	14	
0	11	0	0	8	0	
0	11	0	0	8	0	


24424
0	0	0	4	0	0	
0	0	0	4	12	0	
0	0	1	1	12	0	
0	6	16	16	16	0	
9	6	5	0	2	0	
9	0	5	0	2	0	


27798
0	14	7	9	9	0	
0	14	7	0	0	2	
0	14	1	1	0	2	
0	0	12	12	5	0	
0	13	13	13	5	0	
0	0	15	15	15	0	


379016
0	3	0	16	0	0	
0	3	0	16	0	0	
1	1	0	16	0	0	
9	9	0	0	8	8	
5	0	13	13	13	0	
5	2	2	0	0	0	


28881
12	0	16	16	16	0	
12	0	4	4	3	3	
0	0	0	1	1	0	
0	7	7	0	0	0	
0	9	9	10	0	11	
0	0	0	10	0	11	


436046
0	0	0	0	0	11	
3	3	0	8	8	11	
0	0	1	1	0	0	
0	0	5	4	9	14	
0	2	5	4	9	14	
0	2	0	0	0	14	


428278
0	0	0	0	2	2	
4	4	0	0	10	10	
1	1	0	0	0	0	
5	12	0	11	0	0	
5	12	0	11	7	7	
0	0	3	3	0	0	


382349
0	0	0	0	0	0	
0	9	9	8	0	0	
1	1	3	8	0	0	
0	16	3	0	0	15	
0	16	0	12	12	15	
0	16	0	0	0	15	


27121
0	0	0	11	11	0	
0	10	0	16	16	16	
15	10	1	1	5	0	
15	13	0	0	5	12	
15	13	0	0	0	12	
0	13	0	0	0	0	


466539
14	16	16	16	0	15	
14	0	0	11	11	15	
14	0	0	1	1	15	
13	13	13	10	0	0	
3	3	0	10	5	0	
0	0	9	9	5	0	


28737
15	15	15	0	0	0	
11	11	0	9	9	0	
6	6	5	1	1	0	
0	0	5	0	12	0	
16	16	16	3	12	0	
0	0	0	3	0	0	


24546
0	0	15	0	0	0	
12	0	15	0	11	11	
12	0	15	1	1	0	
0	14	0	0	9	0	
0	14	10	0	9	0	
0	14	10	3	3	0	


23364
0	0	2	2	0	0	
0	0	0	5	5	0	
0	0	3	1	1	0	
7	7	3	8	8	0	
0	0	0	12	12	0	
0	0	6	6	0	0	


28609
11	4	10	10	0	0	
11	4	0	0	0	0	
7	7	1	1	0	0	
3	3	5	0	0	0	
0	0	5	16	16	16	
0	0	0	2	2	0	


33120
0	0	3	0	0	0	
0	0	3	0	12	10	
0	6	1	1	12	10	
0	6	0	0	0	8	
14	14	14	7	7	8	
0	9	9	0	0	0	


37246
14	14	14	0	3	0	
9	8	0	0	3	15	
9	8	1	1	0	15	
0	0	10	0	0	15	
11	11	10	6	6	0	
0	0	0	0	0	0	


28274
0	4	4	0	12	12	
14	0	0	8	8	0	
14	10	1	1	0	0	
14	10	13	0	0	0	
3	3	13	0	11	0	
0	0	13	0	11	0	


395983
6	8	2	0	0	0	
6	8	2	0	7	7	
0	15	1	1	0	0	
0	15	9	5	5	0	
0	15	9	3	0	0	
0	0	0	3	0	0	


18954
6	6	0	0	0	0	
0	2	2	0	0	0	
0	0	10	1	1	8	
0	0	10	7	7	8	
0	0	0	0	0	0	
0	0	0	15	15	15	


431272
0	0	3	3	0	0	
0	0	0	0	2	0	
1	1	0	0	2	0	
5	0	16	16	16	14	
5	9	0	7	0	14	
0	9	0	7	0	14	


70366
12	0	4	4	0	0	
12	0	0	7	7	8	
1	1	0	0	0	8	
2	2	0	0	0	5	
16	16	16	0	0	5	
0	10	10	0	0	0	


27256
7	4	4	0	0	0	
7	9	0	0	2	0	
10	9	1	1	2	0	
10	0	13	0	12	12	
0	0	13	14	14	14	
0	0	13	0	0	0	


