5.0, 5.0, 2
47.0
7	7	3	3	0	0	
0	10	0	15	15	15	
0	10	0	1	1	0	
0	0	0	11	0	0	
0	0	0	11	0	0	
14	14	14	9	9	0	


7.5, 2.5, 4
26.5
4	4	9	0	0	0	
0	0	9	0	6	6	
0	1	1	0	0	0	
0	16	0	0	5	5	
8	16	0	0	12	0	
8	16	0	0	12	0	


7.5, 6.25, 8
64.25
0	0	3	0	0	0	
16	0	3	0	5	5	
16	1	1	11	0	0	
16	0	14	11	0	0	
0	0	14	9	0	0	
8	8	14	9	0	0	


5.0, 5.0, 2
47.0
0	0	0	0	0	4	
6	6	0	0	0	4	
3	3	0	1	1	0	
0	0	0	16	16	16	
12	0	0	0	0	0	
12	0	0	0	5	5	


0.0, 10.0, 1
91.0
12	12	0	14	0	7	
15	0	0	14	0	7	
15	0	0	14	1	1	
15	0	8	8	0	2	
0	11	5	6	6	2	
0	11	5	0	3	3	


0.0, 10.0, 1
91.0
2	0	0	16	16	16	
2	0	0	10	4	4	
6	6	0	10	1	1	
0	0	0	0	0	0	
0	0	0	7	7	0	
0	0	0	0	0	0	


0.0, 10.0, 1
91.0
0	14	0	0	2	2	
0	14	0	7	7	0	
0	14	8	8	1	1	
0	6	0	0	16	10	
0	6	0	0	16	10	
0	0	0	0	16	0	


6.666666666666666, 4.444444444444445, 9
49.0
0	3	12	0	0	0	
0	3	12	0	2	0	
1	1	0	0	2	0	
6	6	14	9	0	0	
4	4	14	9	10	0	
0	0	14	0	10	0	


6.0, 4.0, 5
41.0
0	0	0	0	0	0	
10	10	0	0	0	0	
0	1	1	0	0	0	
0	14	9	9	0	6	
11	14	0	0	0	6	
11	14	16	16	16	0	


4.285714285714286, 8.571428571428571, 7
84.14285714285714
14	0	0	6	6	0	
14	0	4	4	0	9	
14	3	3	1	1	9	
0	12	8	8	0	0	
0	12	0	2	2	10	
0	5	5	0	0	10	


5.0, 5.0, 2
47.0
0	0	0	0	11	0	
0	16	16	16	11	0	
6	6	0	1	1	0	
8	8	4	0	0	0	
2	2	4	0	0	10	
0	0	0	9	9	10	


7.5, 2.5, 4
26.5
0	0	0	0	6	6	
0	0	0	0	0	0	
0	1	1	0	0	0	
0	0	0	0	0	0	
11	11	3	16	16	16	
0	0	3	15	15	15	


5.7142857142857135, 4.285714285714286, 7
45.57142857142857
10	10	0	2	2	0	
0	0	0	0	0	0	
0	1	1	8	0	0	
13	16	0	8	0	0	
13	16	0	0	0	0	
13	16	0	0	4	4	


5.0, 5.0, 2
47.0
8	8	11	11	0	0	
10	10	0	0	0	0	
5	5	0	1	1	0	
0	0	0	0	4	4	
0	0	0	0	6	6	
0	0	0	13	13	13	


7.5, 2.5, 4
26.5
12	12	0	0	0	0	
0	0	6	6	7	7	
0	1	1	0	0	0	
0	0	0	15	0	0	
11	0	0	15	0	0	
11	4	4	15	0	0	


0.0, 10.0, 1
91.0
6	14	13	0	0	0	
6	14	13	0	0	0	
5	14	13	0	1	1	
5	3	3	0	0	0	
10	10	0	9	0	0	
16	16	16	9	0	0	


0.0, 10.0, 1
91.0
3	0	0	0	9	9	
3	0	0	0	0	0	
13	13	13	0	1	1	
2	0	0	0	0	0	
2	0	0	7	0	0	
4	4	0	7	12	12	


5.625, 2.5, 16
38.5
0	0	9	0	3	3	
0	0	9	13	0	6	
0	1	1	13	0	6	
0	0	0	13	0	0	
0	0	0	0	8	8	
0	0	0	0	0	0	


0.0, 10.0, 1
91.0
8	8	13	14	0	3	
0	0	13	14	0	3	
0	0	13	14	1	1	
0	0	0	9	0	0	
0	4	4	9	0	0	
6	6	0	12	12	0	


6.923076923076923, 4.615384615384616, 13
54.53846153846154
0	0	16	16	16	0	
15	15	15	0	2	0	
1	1	0	0	2	14	
0	7	9	0	0	14	
0	7	9	0	11	14	
0	0	0	0	11	0	


7.5, 2.5, 4
26.5
0	0	0	9	2	2	
0	0	0	9	0	0	
0	1	1	0	0	0	
0	8	0	14	14	14	
0	8	10	0	0	0	
0	0	10	0	0	0	


6.666666666666666, 6.666666666666666, 3
62.99999999999999
13	0	14	8	0	0	
13	0	14	8	0	3	
13	0	14	1	1	3	
0	0	11	0	0	0	
6	6	11	0	12	2	
0	0	0	0	12	2	


5.0, 5.0, 2
47.0
8	8	10	10	0	9	
12	12	2	2	0	9	
11	11	0	1	1	0	
14	14	14	0	0	0	
6	7	0	0	4	4	
6	7	0	0	0	0	


5.0, 5.0, 2
47.0
2	3	6	8	8	0	
2	3	6	0	9	9	
0	4	0	1	1	0	
0	4	5	5	0	0	
0	10	0	0	0	0	
0	10	0	0	0	0	


5.0, 5.0, 2
47.0
3	0	9	0	0	0	
3	0	9	16	16	16	
8	8	0	1	1	0	
0	0	0	0	0	0	
7	2	2	0	0	0	
7	0	0	14	14	14	


7.435897435897436, 2.307692307692308, 39
59.769230769230774
0	0	0	0	6	6	
0	7	7	9	0	3	
0	1	1	9	0	3	
15	0	0	0	0	0	
15	0	12	12	0	10	
15	0	8	8	0	10	


0.0, 10.0, 1
91.0
0	8	8	0	0	0	
0	0	0	0	0	0	
0	15	15	15	1	1	
4	4	0	0	0	0	
0	0	10	6	0	0	
0	0	10	6	0	0	


7.5, 2.5, 4
26.5
0	0	0	0	0	0	
0	8	8	4	4	0	
0	1	1	0	0	0	
0	0	13	0	0	0	
0	0	13	10	10	0	
0	0	13	0	9	9	


5.0, 5.0, 2
47.0
0	0	6	0	3	0	
5	5	6	0	3	0	
10	10	0	1	1	0	
8	8	0	14	0	0	
15	15	15	14	0	0	
16	16	16	14	4	4	


5.0, 5.0, 2
47.0
0	0	8	6	0	0	
0	14	8	6	4	4	
0	14	0	1	1	0	
0	14	0	0	0	0	
10	10	12	12	0	0	
16	16	16	0	0	0	


6.666666666666666, 3.333333333333333, 3
33.0
7	7	14	14	14	8	
3	3	0	0	0	8	
0	0	1	1	0	0	
0	0	0	16	16	16	
4	4	10	9	0	0	
0	0	10	9	0	0	


7.5, 2.5, 4
26.5
13	13	13	3	0	0	
0	0	0	3	11	11	
0	1	1	0	0	0	
9	9	0	0	0	0	
7	12	12	5	5	0	
7	0	0	14	14	14	


0.0, 10.0, 1
91.0
13	13	13	0	0	0	
0	0	0	0	0	0	
15	15	15	0	1	1	
12	12	5	5	0	0	
0	0	0	0	0	0	
14	14	14	0	0	0	


6.666666666666666, 3.333333333333333, 3
33.0
8	8	2	6	0	9	
0	0	2	6	0	9	
0	0	1	1	0	0	
0	0	0	0	0	0	
10	3	0	0	5	5	
10	3	7	7	4	4	


7.5, 2.5, 4
26.5
9	0	0	0	0	7	
9	0	0	4	4	7	
0	1	1	0	0	0	
0	0	3	0	0	0	
0	0	3	0	0	0	
0	15	15	15	10	10	


8.0, 4.0, 5
41.0
0	0	11	0	0	0	
0	0	11	0	2	2	
1	1	0	0	0	0	
16	0	9	0	0	0	
16	0	9	0	0	0	
16	12	12	0	0	0	


0.0, 10.0, 1
91.0
0	9	9	0	0	0	
0	0	0	0	0	0	
0	0	10	10	1	1	
0	0	0	0	3	3	
0	0	12	5	0	4	
8	8	12	5	0	4	


0.0, 10.0, 1
91.0
14	14	14	13	5	0	
12	12	0	13	5	0	
0	2	2	13	1	1	
0	7	16	11	11	0	
8	7	16	0	0	0	
8	0	16	0	0	0	


0.0, 10.0, 1
91.0
0	10	10	15	0	4	
9	9	0	15	0	4	
0	0	0	15	1	1	
2	13	13	13	12	12	
2	0	0	0	0	0	
3	3	0	0	0	0	


7.5, 2.5, 4
26.5
0	14	14	14	4	4	
0	0	0	0	12	12	
0	1	1	0	0	0	
0	0	0	7	0	0	
0	6	0	7	11	11	
0	6	0	13	13	13	


0.0, 10.0, 1
91.0
7	0	0	0	0	0	
7	0	15	0	0	0	
0	14	15	0	1	1	
0	14	15	0	9	9	
0	14	10	12	0	0	
2	2	10	12	11	11	


7.5, 2.5, 4
26.5
0	0	0	10	11	4	
14	14	14	10	11	4	
0	1	1	0	0	0	
0	15	0	0	0	0	
0	15	0	0	0	0	
0	15	0	0	0	0	


5.0, 5.0, 2
47.0
3	14	14	14	0	0	
3	13	0	0	0	0	
0	13	0	1	1	0	
0	13	0	0	9	9	
0	10	10	0	0	8	
7	7	0	0	0	8	


5.0, 5.0, 2
47.0
11	11	8	8	0	0	
0	0	0	4	4	0	
9	9	0	1	1	0	
14	0	0	6	0	0	
14	5	0	6	0	0	
14	5	0	0	2	2	


7.5, 2.5, 4
26.5
8	0	0	0	12	12	
8	0	0	0	9	9	
0	1	1	0	0	0	
0	0	0	13	13	13	
5	5	15	15	15	0	
10	10	0	0	0	0	


6.0, 4.0, 5
41.0
12	12	14	14	14	8	
13	13	13	0	0	8	
0	1	1	0	0	0	
7	0	0	0	0	0	
7	9	0	3	0	0	
0	9	0	3	6	6	


7.857142857142857, 5.0, 14
59.0
11	3	0	0	0	0	
11	3	4	4	14	0	
0	1	1	6	14	0	
5	0	13	6	14	0	
5	0	13	8	0	0	
0	0	13	8	0	0	


6.0, 4.0, 5
41.0
15	15	15	0	0	0	
0	0	0	0	0	0	
0	1	1	0	0	0	
0	0	0	0	12	12	
2	0	0	0	0	0	
2	8	8	0	10	10	


0.0, 10.0, 1
91.0
9	9	0	15	0	10	
0	0	8	15	0	10	
0	0	8	15	1	1	
0	0	0	12	14	0	
0	5	0	12	14	0	
0	5	0	0	14	0	


7.777777777777778, 4.444444444444445, 9
49.0
8	0	0	0	0	0	
8	0	0	5	5	0	
15	0	1	1	10	0	
15	12	0	0	10	0	
15	12	0	4	6	0	
16	16	16	4	6	0	


