1, 5.0, 5.0, 2, 47.0
2, 7.5, 2.5, 4, 26.5
3, 7.5, 6.25, 8, 64.25
4, 5.0, 5.0, 2, 47.0
5, 0.0, 10.0, 1, 91.0
6, 0.0, 10.0, 1, 91.0
7, 0.0, 10.0, 1, 91.0
8, 6.666666666666666, 4.444444444444445, 9, 49.0
9, 6.0, 4.0, 5, 41.0
10, 4.285714285714286, 8.571428571428571, 7, 84.14285714285714
11, 5.0, 5.0, 2, 47.0
12, 7.5, 2.5, 4, 26.5
13, 5.7142857142857135, 4.285714285714286, 7, 45.57142857142857
14, 5.0, 5.0, 2, 47.0
15, 7.5, 2.5, 4, 26.5
16, 0.0, 10.0, 1, 91.0
17, 0.0, 10.0, 1, 91.0
18, 5.625, 2.5, 16, 38.5
19, 0.0, 10.0, 1, 91.0
20, 6.923076923076923, 4.615384615384616, 13, 54.53846153846154
21, 7.5, 2.5, 4, 26.5
22, 6.666666666666666, 6.666666666666666, 3, 62.99999999999999
23, 5.0, 5.0, 2, 47.0
24, 5.0, 5.0, 2, 47.0
25, 5.0, 5.0, 2, 47.0
26, 7.435897435897436, 2.307692307692308, 39, 59.769230769230774
27, 0.0, 10.0, 1, 91.0
28, 7.5, 2.5, 4, 26.5
29, 5.0, 5.0, 2, 47.0
30, 5.0, 5.0, 2, 47.0
31, 6.666666666666666, 3.333333333333333, 3, 33.0
32, 7.5, 2.5, 4, 26.5
33, 0.0, 10.0, 1, 91.0
34, 6.666666666666666, 3.333333333333333, 3, 33.0
35, 7.5, 2.5, 4, 26.5
36, 8.0, 4.0, 5, 41.0
37, 0.0, 10.0, 1, 91.0
38, 0.0, 10.0, 1, 91.0
39, 0.0, 10.0, 1, 91.0
40, 7.5, 2.5, 4, 26.5
41, 0.0, 10.0, 1, 91.0
42, 7.5, 2.5, 4, 26.5
43, 5.0, 5.0, 2, 47.0
44, 5.0, 5.0, 2, 47.0
45, 7.5, 2.5, 4, 26.5
46, 6.0, 4.0, 5, 41.0
47, 7.857142857142857, 5.0, 14, 59.0
48, 6.0, 4.0, 5, 41.0
49, 0.0, 10.0, 1, 91.0
50, 7.777777777777778, 4.444444444444445, 9, 49.0
