20916
7	7	3	3	0	0	
0	10	0	15	15	15	
0	10	1	1	0	0	
0	0	0	11	0	0	
0	0	0	11	0	0	
14	14	14	9	9	0	


45707
4	4	9	0	0	0	
0	0	9	0	6	6	
1	1	0	0	0	0	
0	16	0	0	5	5	
8	16	0	0	12	0	
8	16	0	0	12	0	


27202
16	0	3	0	0	0	
16	0	3	5	5	0	
16	1	1	11	0	0	
0	0	14	11	0	0	
0	0	14	9	0	0	
8	8	14	9	0	0	


39810
0	0	0	0	0	4	
6	6	0	0	0	4	
3	3	1	1	0	0	
0	0	0	16	16	16	
12	0	0	0	0	0	
12	0	0	0	5	5	


71057
12	12	0	14	0	7	
15	0	0	14	0	7	
15	0	0	14	1	1	
15	8	8	0	0	2	
0	11	5	6	6	2	
0	11	5	0	3	3	


30371
2	0	0	16	16	16	
2	0	0	10	4	4	
6	6	0	10	1	1	
0	0	0	0	0	0	
0	0	0	0	7	7	
0	0	0	0	0	0	


20668
0	14	0	0	2	2	
0	14	0	0	7	7	
0	14	8	8	1	1	
0	6	0	0	16	10	
0	6	0	0	16	10	
0	0	0	0	16	0	


46284
0	3	12	0	0	0	
0	3	12	0	0	0	
1	1	14	0	2	0	
6	6	14	0	2	0	
4	4	14	9	10	0	
0	0	0	9	10	0	


23984
0	0	0	0	0	0	
10	10	0	0	0	0	
1	1	0	0	0	6	
0	14	9	9	0	6	
11	14	0	0	0	0	
11	14	16	16	16	0	


47616
14	0	0	0	6	6	
14	0	0	4	4	0	
14	3	3	1	1	9	
0	12	8	8	0	9	
0	12	0	2	2	10	
5	5	0	0	0	10	


76725
0	0	0	0	11	0	
0	16	16	16	11	0	
6	6	1	1	0	0	
8	8	4	0	0	0	
2	2	4	0	0	10	
0	0	0	9	9	10	


23736
0	0	0	0	6	6	
0	0	0	0	0	0	
1	1	0	0	0	0	
0	0	0	0	0	0	
11	11	3	16	16	16	
0	0	3	15	15	15	


34974
10	10	2	2	0	0	
0	0	0	8	0	0	
1	1	0	8	0	0	
13	16	0	0	0	0	
13	16	0	0	0	0	
13	16	0	0	4	4	


27637
8	8	11	11	0	0	
10	10	0	0	0	0	
5	5	1	1	0	0	
0	0	0	0	4	4	
0	0	0	0	6	6	
0	0	0	13	13	13	


44965
12	12	0	0	0	0	
0	0	6	6	7	7	
1	1	0	0	0	0	
0	0	0	15	0	0	
11	0	0	15	0	0	
11	4	4	15	0	0	


76771
6	14	13	0	0	0	
6	14	13	0	0	0	
5	14	13	1	1	0	
5	3	3	0	0	0	
10	10	0	9	0	0	
16	16	16	9	0	0	


31918
3	0	0	0	9	9	
3	0	0	0	0	0	
13	13	13	1	1	0	
2	0	0	0	0	0	
2	0	0	7	0	0	
4	4	0	7	12	12	


31285
0	0	9	13	3	3	
0	0	9	13	0	0	
1	1	0	13	0	6	
0	0	0	0	0	6	
0	0	0	0	8	8	
0	0	0	0	0	0	


12188
8	8	13	14	0	3	
0	0	13	14	0	3	
0	0	13	14	1	1	
0	0	0	9	0	0	
0	4	4	9	0	0	
0	6	6	12	12	0	


29195
0	0	0	16	16	16	
15	15	15	0	0	14	
1	1	9	0	2	14	
0	7	9	0	2	14	
0	7	0	0	11	0	
0	0	0	0	11	0	


50393
0	0	0	9	2	2	
0	0	0	9	0	0	
1	1	0	0	0	0	
0	8	0	14	14	14	
0	8	10	0	0	0	
0	0	10	0	0	0	


18478
13	0	14	8	0	0	
13	0	14	8	0	0	
13	0	14	1	1	3	
0	0	11	0	0	3	
6	6	11	0	12	2	
0	0	0	0	12	2	


44570
8	8	10	10	0	9	
12	12	2	2	0	9	
11	11	1	1	0	0	
14	14	14	0	0	0	
6	7	0	0	4	4	
6	7	0	0	0	0	


18019
2	3	6	8	8	0	
2	3	6	0	9	9	
0	4	1	1	0	0	
0	4	5	5	0	0	
0	10	0	0	0	0	
0	10	0	0	0	0	


38792
3	0	9	0	0	0	
3	0	9	16	16	16	
8	8	1	1	0	0	
0	0	0	0	0	0	
7	2	2	0	0	0	
7	0	0	14	14	14	


64954
0	0	0	9	6	6	
7	7	0	9	0	0	
1	1	0	0	0	3	
15	0	0	0	0	3	
15	0	0	12	12	10	
15	0	0	8	8	10	


15887
8	8	0	0	0	0	
0	0	0	0	0	0	
0	15	15	15	1	1	
4	4	0	0	0	0	
0	0	10	6	0	0	
0	0	10	6	0	0	


22611
0	0	0	0	0	0	
0	8	8	4	4	0	
1	1	0	0	0	0	
0	0	13	0	0	0	
0	0	13	10	10	0	
0	0	13	0	9	9	


63331
0	0	6	0	3	0	
5	5	6	0	3	0	
10	10	1	1	0	0	
8	8	0	14	0	0	
15	15	15	14	0	0	
16	16	16	14	4	4	


52478
0	0	8	6	0	0	
0	14	8	6	4	4	
0	14	1	1	0	0	
0	14	0	0	0	0	
10	10	12	12	0	0	
16	16	16	0	0	0	


53782
7	7	14	14	14	8	
3	3	0	0	0	8	
0	1	1	0	0	0	
0	0	0	16	16	16	
4	4	10	9	0	0	
0	0	10	9	0	0	


31907
13	13	13	3	0	0	
0	0	0	3	11	11	
1	1	0	0	0	0	
9	9	0	0	0	0	
7	12	12	5	5	0	
7	0	0	14	14	14	


15134
13	13	13	0	0	0	
0	0	0	0	0	0	
15	15	15	1	1	0	
12	12	5	5	0	0	
0	0	0	0	0	0	
14	14	14	0	0	0	


41792
8	8	2	6	0	9	
0	0	2	6	0	9	
0	1	1	0	0	0	
0	0	0	0	0	0	
10	3	0	0	5	5	
10	3	7	7	4	4	


43635
9	0	0	0	0	7	
9	0	0	4	4	7	
1	1	0	0	0	0	
0	0	3	0	0	0	
0	0	3	0	0	0	
0	15	15	15	10	10	


43014
0	0	11	0	0	0	
0	0	11	0	2	2	
1	1	9	0	0	0	
16	0	9	0	0	0	
16	0	0	0	0	0	
16	12	12	0	0	0	


127293
9	9	0	0	0	0	
0	0	0	0	0	0	
0	0	10	10	1	1	
0	0	0	0	3	3	
0	0	12	5	0	4	
8	8	12	5	0	4	


27205
14	14	14	13	5	0	
12	12	0	13	5	0	
0	2	2	13	1	1	
0	0	16	11	11	0	
8	7	16	0	0	0	
8	7	16	0	0	0	


19195
10	10	0	15	0	4	
9	9	0	15	0	4	
0	0	0	15	1	1	
2	13	13	13	12	12	
2	0	0	0	0	0	
3	3	0	0	0	0	


45138
0	14	14	14	4	4	
0	0	0	0	12	12	
1	1	0	0	0	0	
0	0	0	7	0	0	
0	6	0	7	11	11	
0	6	0	13	13	13	


32286
7	0	0	0	0	0	
7	0	15	0	0	0	
0	14	15	1	1	0	
0	14	15	0	9	9	
0	14	10	12	0	0	
2	2	10	12	11	11	


40982
0	0	0	10	11	4	
14	14	14	10	11	4	
1	1	0	0	0	0	
0	15	0	0	0	0	
0	15	0	0	0	0	
0	15	0	0	0	0	


53143
3	14	14	14	0	0	
3	13	0	0	0	0	
0	13	1	1	0	0	
0	13	0	0	9	9	
0	10	10	0	0	8	
7	7	0	0	0	8	


23910
11	11	8	8	0	0	
0	0	0	4	4	0	
9	9	1	1	0	0	
14	0	0	6	0	0	
14	5	0	6	0	0	
14	5	0	0	2	2	


35601
8	0	0	0	12	12	
8	0	0	0	9	9	
1	1	0	0	0	0	
0	0	0	13	13	13	
5	5	15	15	15	0	
10	10	0	0	0	0	


76346
12	12	14	14	14	8	
13	13	13	0	0	8	
1	1	0	0	0	0	
0	0	0	0	0	0	
7	9	0	3	0	0	
7	9	0	3	6	6	


51957
11	3	0	0	14	0	
11	3	4	4	14	0	
1	1	0	6	14	0	
0	0	13	6	0	0	
5	0	13	8	0	0	
5	0	13	8	0	0	


34362
15	15	15	0	0	0	
0	0	0	0	0	0	
1	1	0	0	0	0	
0	0	0	0	12	12	
2	0	0	0	0	0	
2	8	8	10	10	0	


17318
9	9	8	15	0	10	
0	0	8	15	0	10	
0	0	0	15	1	1	
0	0	0	12	14	0	
0	5	0	12	14	0	
0	5	0	0	14	0	


77786
8	0	0	0	0	0	
8	0	0	0	5	5	
15	1	1	0	10	0	
15	12	0	0	10	0	
15	12	0	4	6	0	
16	16	16	4	6	0	


