1, 5.0, 5.0, 2, 47.0
2, 5.0, 7.5, 4, 71.5
3, 0.0, 10.0, 1, 91.0
4, 6.666666666666666, 6.666666666666666, 3, 62.99999999999999
5, 7.142857142857143, 7.142857142857143, 7, 71.28571428571429
6, 6.129032258064516, 2.5806451612903225, 31, 54.225806451612904
7, 5.555555555555555, 7.777777777777778, 9, 79.0
8, 6.666666666666666, 6.666666666666666, 3, 62.99999999999999
9, 5.0, 5.0, 2, 47.0
10, 7.5, 2.5, 4, 26.5
11, 5.0, 5.0, 2, 47.0
12, 5.0, 7.5, 4, 71.5
13, 6.666666666666666, 5.555555555555555, 9, 59.0
14, 5.0, 5.0, 4, 49.0
15, 3.333333333333333, 6.666666666666666, 3, 62.99999999999999
16, 7.826086956521739, 3.0434782608695654, 23, 50.39130434782609
17, 0.0, 10.0, 1, 91.0
18, 0.0, 10.0, 1, 91.0
19, 5.0, 5.0, 6, 51.0
20, 6.923076923076923, 4.615384615384616, 13, 54.53846153846154
21, 5.0, 5.0, 2, 47.0
22, 7.142857142857143, 4.285714285714286, 7, 45.57142857142857
23, 7.5, 7.5, 4, 71.5
24, 6.0, 4.0, 5, 41.0
25, 5.0, 7.5, 4, 71.5
26, 3.333333333333333, 6.666666666666666, 3, 62.99999999999999
27, 5.0, 4.444444444444445, 18, 58.0
28, 5.0, 8.333333333333334, 6, 81.0
29, 5.0, 5.0, 2, 47.0
30, 7.083333333333334, 3.333333333333333, 24, 54.0
31, 3.333333333333333, 6.666666666666666, 3, 62.99999999999999
32, 5.0, 10.0, 2, 92.0
33, 5.0, 5.0, 2, 47.0
34, 0.0, 10.0, 1, 91.0
35, 3.333333333333333, 6.666666666666666, 3, 62.99999999999999
36, 5.0, 5.0, 2, 47.0
37, 0.0, 10.0, 1, 91.0
38, 10, 10, 0, 90
39, 5.0, 10.0, 2, 92.0
40, 7.5, 5.0, 4, 49.0
41, 5.7142857142857135, 5.7142857142857135, 7, 58.42857142857142
42, 5.0, 5.0, 2, 47.0
43, 6.666666666666666, 6.666666666666666, 3, 62.99999999999999
44, 6.25, 3.75, 8, 41.75
45, 6.25, 6.25, 8, 64.25
46, 6.190476190476191, 2.8571428571428568, 21, 46.71428571428571
47, 6.0, 6.0, 5, 59.0
48, 5.0, 10.0, 2, 92.0
49, 0.0, 10.0, 1, 91.0
50, 6.0, 6.0, 5, 59.0
