70363
8	8	0	10	0	0	
0	12	0	10	7	7	
0	12	1	1	0	0	
0	14	14	14	0	0	
0	13	13	13	0	0	
0	0	9	9	0	0	


68588
0	0	0	0	0	0	
0	10	10	0	12	0	
0	0	1	1	12	16	
0	0	0	0	15	16	
0	13	13	13	15	16	
0	0	4	4	15	0	


76177
11	11	0	0	0	0	
2	0	0	0	7	7	
2	0	0	1	1	0	
0	0	12	9	0	0	
4	8	12	9	0	0	
4	8	0	5	5	0	


39712
0	11	10	10	0	0	
0	11	0	3	3	0	
0	0	1	1	16	0	
0	0	0	0	16	0	
0	13	13	13	16	0	
0	0	0	0	0	0	


146462
5	5	3	3	8	8	
0	0	4	4	0	0	
0	0	1	1	12	11	
0	0	0	0	12	11	
0	0	0	0	9	9	
0	0	0	0	0	0	


941257
0	7	0	13	2	2	
0	7	0	13	0	8	
1	1	0	13	4	8	
3	3	0	0	4	0	
0	9	9	0	6	0	
0	0	0	0	6	0	


666305
16	16	16	0	12	12	
0	11	11	0	6	6	
10	10	1	1	13	9	
7	7	0	0	13	9	
0	0	0	3	13	8	
0	0	0	3	0	8	


693543
2	2	0	7	0	0	
10	10	0	7	0	0	
5	0	1	1	15	0	
5	0	3	3	15	0	
14	14	14	0	15	8	
0	0	0	0	0	8	


731921
7	0	15	15	15	0	
7	3	3	6	6	0	
0	0	1	1	0	0	
9	9	0	5	5	0	
0	0	4	10	12	0	
0	0	4	10	12	0	


1866467
0	0	0	7	7	0	
0	0	0	0	4	4	
1	1	0	0	0	0	
10	10	14	14	14	16	
5	5	0	0	0	16	
6	6	0	0	0	16	


28405
0	6	0	0	0	0	
0	6	0	5	5	0	
3	3	1	1	0	0	
0	0	8	0	4	4	
0	0	8	0	0	0	
0	15	15	15	0	0	


34037
6	6	4	4	0	0	
0	0	0	0	5	2	
0	0	1	1	5	2	
0	0	7	0	0	0	
0	0	7	0	0	0	
0	0	0	0	0	0	


664781
0	0	3	3	0	0	
0	0	7	15	15	15	
1	1	7	0	0	0	
0	0	0	0	11	12	
6	5	5	0	11	12	
6	0	0	0	4	4	


747236
0	7	0	0	0	0	
15	7	14	14	14	16	
15	0	1	1	0	16	
15	5	5	11	2	16	
0	4	0	11	2	0	
0	4	0	0	0	0	


40718
0	0	0	5	0	0	
0	4	4	5	11	11	
3	3	1	1	0	8	
0	0	0	0	10	8	
0	0	2	0	10	0	
0	0	2	0	9	9	


870144
0	0	14	0	12	0	
0	0	14	0	12	15	
1	1	14	0	0	15	
0	0	0	3	3	15	
0	0	0	2	2	0	
0	4	4	9	9	0	


41860
0	3	14	0	0	0	
0	3	14	0	7	7	
6	6	14	1	1	0	
0	0	0	0	0	15	
4	16	16	16	0	15	
4	0	0	12	12	15	


41977
0	10	10	0	0	0	
3	8	8	0	0	0	
3	9	9	1	1	0	
12	12	0	0	0	13	
5	0	0	0	0	13	
5	0	0	2	2	13	


62725
0	0	0	0	0	0	
0	0	15	15	15	8	
1	1	0	0	3	8	
0	10	10	0	3	0	
0	0	0	9	0	0	
0	5	5	9	0	0	


572990
0	0	5	0	0	0	
0	0	5	8	0	0	
1	1	16	8	4	6	
0	0	16	0	4	6	
0	0	16	0	11	11	
0	2	2	12	12	0	


28094
0	2	2	4	4	0	
0	0	0	0	0	0	
8	0	1	1	0	0	
8	0	6	6	0	0	
11	0	0	3	3	0	
11	0	0	0	0	0	


86258
0	2	0	0	0	0	
0	2	6	5	5	0	
1	1	6	0	0	0	
0	0	0	0	3	10	
0	14	14	14	3	10	
0	0	0	0	7	7	


34212
0	0	0	12	12	0	
0	0	0	0	0	0	
0	10	0	1	1	3	
0	10	9	9	0	3	
7	0	0	13	13	13	
7	0	0	0	0	0	


716766
0	7	7	0	0	0	
5	5	0	0	8	8	
1	1	0	16	0	0	
0	0	0	16	0	14	
15	15	15	16	0	14	
13	13	13	0	0	14	


58965
0	2	0	0	0	0	
0	2	9	9	11	0	
0	0	1	1	11	13	
0	0	12	12	0	13	
0	0	6	6	0	13	
15	15	15	0	0	0	


40457
7	7	0	0	0	0	
0	10	9	9	0	0	
0	10	1	1	0	3	
0	14	4	8	8	3	
0	14	4	0	0	0	
0	14	0	0	11	11	


825049
0	9	9	0	0	14	
0	5	5	0	0	14	
1	1	0	0	0	14	
0	15	10	10	0	0	
0	15	0	8	8	0	
0	15	0	0	6	6	


74416
0	0	0	0	11	11	
10	10	0	0	4	4	
14	7	1	1	3	13	
14	7	0	0	3	13	
14	0	0	9	9	13	
6	6	0	0	0	0	


624590
0	8	8	0	4	4	
6	3	3	15	15	15	
6	0	1	1	0	0	
0	0	2	12	12	0	
7	7	2	0	0	0	
0	0	0	0	0	0	


1100073
7	7	0	0	0	0	
0	15	15	15	8	8	
1	1	2	0	12	9	
0	0	2	0	12	9	
0	0	0	11	11	0	
0	0	6	6	0	0	


505669
3	0	6	5	5	0	
3	0	6	0	0	12	
2	2	1	1	0	12	
0	0	8	8	0	0	
7	7	0	11	0	0	
0	0	0	11	0	0	


46783
4	0	0	3	0	0	
4	0	16	3	0	12	
6	6	16	1	1	12	
0	0	16	13	0	15	
9	9	0	13	0	15	
14	14	14	13	0	15	


1199725
0	15	3	3	0	0	
0	15	11	11	0	0	
0	15	1	1	0	0	
10	10	0	0	0	0	
0	5	5	16	16	16	
0	7	7	0	0	0	


28491
0	0	0	0	0	2	
0	0	7	7	0	2	
0	5	0	1	1	0	
0	5	12	12	0	0	
0	0	4	4	9	9	
0	0	0	0	0	0	


47075
6	6	9	0	0	0	
7	11	9	13	13	13	
7	11	1	1	0	5	
0	0	0	0	0	5	
12	0	0	3	3	0	
12	0	0	0	0	0	


41708
3	5	4	0	0	0	
3	5	4	0	0	0	
11	0	1	1	0	0	
11	0	10	10	0	0	
8	8	0	0	9	9	
0	0	6	6	0	0	


51295
0	0	0	14	14	14	
16	0	0	0	0	0	
16	0	12	1	1	0	
16	0	12	0	0	9	
4	11	8	8	0	9	
4	11	5	5	10	10	


939208
8	7	7	11	10	10	
8	0	0	11	15	3	
0	4	1	1	15	3	
0	4	0	13	15	0	
0	0	0	13	0	0	
0	0	0	13	5	5	


33088
16	8	8	0	0	0	
16	0	4	4	0	0	
16	0	0	1	1	14	
0	0	7	7	11	14	
0	0	0	5	11	14	
0	0	0	5	0	0	


645377
2	2	0	0	0	0	
3	14	14	14	13	0	
3	0	1	1	13	0	
12	0	6	6	13	0	
12	5	0	9	0	0	
0	5	0	9	0	0	


526318
0	4	0	0	0	0	
0	4	8	8	11	0	
1	1	0	0	11	13	
0	0	9	0	5	13	
2	2	9	0	5	13	
0	0	0	0	0	0	


21533
0	4	4	0	0	0	
0	10	10	0	0	0	
0	0	1	1	0	0	
0	11	9	9	0	0	
0	11	0	15	15	15	
0	0	0	0	0	0	


42947
0	5	5	0	8	8	
0	0	0	0	0	0	
10	10	1	1	15	0	
3	0	12	0	15	0	
3	6	12	0	15	0	
0	6	2	2	0	0	


86649
0	0	5	5	2	2	
0	0	0	11	11	0	
1	1	0	3	6	0	
0	0	0	3	6	0	
0	0	10	0	0	9	
0	0	10	0	0	9	


829694
0	0	10	10	0	0	
0	0	0	14	14	14	
1	1	6	8	0	0	
16	13	6	8	0	0	
16	13	0	4	4	0	
16	13	0	0	0	0	


156527
0	0	6	6	10	10	
0	0	0	0	0	0	
1	1	15	0	4	2	
0	0	15	0	4	2	
0	0	15	11	11	12	
0	0	0	3	3	12	


66304
6	6	16	5	3	15	
2	2	16	5	3	15	
4	4	16	1	1	15	
0	0	0	0	0	0	
0	0	0	7	11	0	
0	0	0	7	11	0	


38149
0	0	0	0	5	0	
2	2	8	0	5	7	
12	12	8	1	1	7	
0	0	0	0	0	0	
11	0	0	0	10	10	
11	15	15	15	0	0	


26776
0	0	0	0	0	0	
0	5	5	0	0	0	
0	12	0	1	1	0	
0	12	0	0	4	0	
0	8	8	0	4	0	
0	6	6	13	13	13	


45414
0	6	0	5	11	0	
0	6	0	5	11	13	
7	7	1	1	0	13	
16	16	16	0	0	13	
0	0	0	0	9	9	
0	0	0	0	0	0	


