5.0, 5.0, 2
47.0
8	8	0	10	0	0	
0	12	0	10	7	7	
0	12	0	1	1	0	
0	14	14	14	0	0	
0	13	13	13	0	0	
0	0	9	9	0	0	


5.0, 7.5, 4
71.5
0	0	0	0	12	0	
0	10	10	0	12	0	
0	0	1	1	0	0	
0	0	0	0	15	16	
0	13	13	13	15	16	
0	0	4	4	15	16	


0.0, 10.0, 1
91.0
11	11	0	0	0	0	
2	0	0	0	7	7	
2	0	0	0	1	1	
0	0	12	9	0	0	
4	8	12	9	0	0	
4	8	0	5	5	0	


6.666666666666666, 6.666666666666666, 3
62.99999999999999
0	11	10	10	0	0	
0	11	0	3	3	0	
0	0	1	1	0	0	
0	0	0	0	16	0	
0	13	13	13	16	0	
0	0	0	0	16	0	


7.142857142857143, 7.142857142857143, 7
71.28571428571429
5	5	3	3	8	8	
0	4	4	0	0	0	
0	0	1	1	12	11	
0	0	0	0	12	11	
0	0	0	9	9	0	
0	0	0	0	0	0	


6.129032258064516, 2.5806451612903225, 31
54.225806451612904
0	7	0	0	2	2	
0	7	0	13	4	0	
0	1	1	13	4	8	
0	3	3	13	0	8	
9	9	0	0	6	0	
0	0	0	0	6	0	


5.555555555555555, 7.777777777777778, 9
79.0
16	16	16	12	12	0	
11	11	0	6	6	0	
10	10	1	1	0	9	
7	7	0	0	13	9	
0	0	0	3	13	8	
0	0	0	3	13	8	


6.666666666666666, 6.666666666666666, 3
62.99999999999999
2	2	0	7	0	0	
10	10	0	7	0	0	
5	0	1	1	0	0	
5	0	3	3	15	0	
14	14	14	0	15	8	
0	0	0	0	15	8	


5.0, 5.0, 2
47.0
7	0	15	15	15	0	
7	3	3	6	6	0	
0	0	0	1	1	0	
9	9	0	5	5	0	
0	0	4	10	12	0	
0	0	4	10	12	0	


7.5, 2.5, 4
26.5
0	0	0	7	7	0	
0	0	0	0	4	4	
0	1	1	0	0	0	
10	10	14	14	14	16	
5	5	0	0	0	16	
6	6	0	0	0	16	


5.0, 5.0, 2
47.0
0	6	0	0	0	0	
0	6	0	5	5	0	
3	3	0	1	1	0	
0	0	8	0	4	4	
0	0	8	0	0	0	
0	15	15	15	0	0	


5.0, 7.5, 4
71.5
6	6	4	4	5	2	
0	0	0	0	5	2	
0	0	1	1	0	0	
0	0	7	0	0	0	
0	0	7	0	0	0	
0	0	0	0	0	0	


6.666666666666666, 5.555555555555555, 9
59.0
0	0	0	3	3	0	
0	0	7	15	15	15	
1	1	7	0	0	0	
6	0	0	0	11	12	
6	5	5	0	11	12	
0	0	0	4	4	0	


5.0, 5.0, 4
49.0
0	7	0	0	0	0	
15	7	14	14	14	0	
15	0	0	1	1	16	
15	5	5	11	2	16	
0	4	0	11	2	16	
0	4	0	0	0	0	


3.333333333333333, 6.666666666666666, 3
62.99999999999999
0	0	0	5	0	0	
0	4	4	5	11	11	
3	3	0	1	1	0	
0	0	0	0	10	8	
0	0	2	0	10	8	
0	0	2	0	9	9	


7.826086956521739, 3.0434782608695654, 23
50.39130434782609
0	0	0	0	0	0	
0	0	14	0	12	0	
1	1	14	0	12	15	
0	0	14	3	3	15	
0	0	2	2	0	15	
4	4	0	9	9	0	


0.0, 10.0, 1
91.0
0	3	14	0	0	0	
0	3	14	0	7	7	
6	6	14	0	1	1	
0	0	0	0	0	15	
4	16	16	16	0	15	
4	0	0	12	12	15	


0.0, 10.0, 1
91.0
0	10	10	0	0	0	
3	8	8	0	0	0	
3	9	9	0	1	1	
12	12	0	0	0	13	
5	0	0	0	0	13	
5	0	0	2	2	13	


5.0, 5.0, 6
51.0
0	0	0	0	0	8	
0	0	15	15	15	8	
0	1	1	0	0	0	
0	10	10	0	3	0	
0	0	0	9	3	0	
0	5	5	9	0	0	


6.923076923076923, 4.615384615384616, 13
54.53846153846154
0	0	5	8	0	0	
0	0	5	8	4	6	
1	1	16	0	4	6	
0	0	16	0	0	0	
0	0	16	0	11	11	
2	2	0	12	12	0	


5.0, 5.0, 2
47.0
0	2	2	4	4	0	
0	0	0	0	0	0	
8	0	0	1	1	0	
8	0	6	6	0	0	
11	0	0	3	3	0	
11	0	0	0	0	0	


7.142857142857143, 4.285714285714286, 7
45.57142857142857
0	2	6	0	0	0	
0	2	6	5	5	0	
1	1	0	0	0	10	
0	0	0	0	3	10	
0	14	14	14	3	0	
0	0	0	0	7	7	


7.5, 7.5, 4
71.5
0	0	0	12	12	0	
0	0	0	0	0	0	
0	10	0	1	1	3	
0	10	9	9	0	3	
7	0	13	13	13	0	
7	0	0	0	0	0	


6.0, 4.0, 5
41.0
0	7	7	0	0	0	
5	5	0	0	8	8	
0	1	1	0	0	0	
0	0	0	16	0	14	
15	15	15	16	0	14	
13	13	13	16	0	14	


5.0, 7.5, 4
71.5
0	2	0	0	11	0	
0	2	9	9	11	0	
0	0	1	1	0	0	
0	0	12	12	0	13	
0	0	6	6	0	13	
15	15	15	0	0	13	


3.333333333333333, 6.666666666666666, 3
62.99999999999999
7	7	0	0	0	0	
0	10	9	9	0	0	
0	10	0	1	1	0	
0	14	4	8	8	3	
0	14	4	0	0	3	
0	14	0	0	11	11	


5.0, 4.444444444444445, 18
58.0
9	9	0	0	0	0	
5	5	0	0	0	14	
0	1	1	0	0	14	
0	15	0	10	10	14	
0	15	8	8	0	0	
0	15	0	6	6	0	


5.0, 8.333333333333334, 6
81.0
0	0	0	0	11	11	
10	10	0	4	4	0	
14	7	1	1	3	0	
14	7	0	0	3	13	
14	0	9	9	0	13	
6	6	0	0	0	13	


5.0, 5.0, 2
47.0
0	8	8	0	4	4	
6	3	3	15	15	15	
6	0	0	1	1	0	
0	0	2	12	12	0	
7	7	2	0	0	0	
0	0	0	0	0	0	


7.083333333333334, 3.333333333333333, 24
54.0
0	7	7	0	0	0	
15	15	15	0	8	8	
1	1	0	0	12	0	
0	0	2	0	12	9	
0	0	2	11	11	9	
0	0	0	6	6	0	


3.333333333333333, 6.666666666666666, 3
62.99999999999999
3	0	6	5	5	12	
3	0	6	0	0	12	
2	2	0	1	1	0	
0	0	8	8	0	0	
7	7	0	11	0	0	
0	0	0	11	0	0	


5.0, 10.0, 2
92.0
4	0	0	3	0	12	
4	0	16	3	0	12	
6	6	16	1	1	0	
0	0	16	13	0	15	
9	9	0	13	0	15	
14	14	14	13	0	15	


5.0, 5.0, 2
47.0
0	15	3	3	0	0	
0	15	11	11	0	0	
0	15	0	1	1	0	
10	10	0	0	0	0	
0	5	5	16	16	16	
0	7	7	0	0	0	


0.0, 10.0, 1
91.0
0	0	0	0	0	2	
0	0	7	7	0	2	
0	5	0	0	1	1	
0	5	12	12	0	0	
0	0	4	4	9	9	
0	0	0	0	0	0	


3.333333333333333, 6.666666666666666, 3
62.99999999999999
6	6	9	0	0	0	
7	11	9	13	13	13	
7	11	0	1	1	0	
0	0	0	0	0	5	
12	0	0	3	3	5	
12	0	0	0	0	0	


5.0, 5.0, 2
47.0
3	5	4	0	0	0	
3	5	4	0	0	0	
11	0	0	1	1	0	
11	0	10	10	0	0	
8	8	0	0	9	9	
0	0	6	6	0	0	


0.0, 10.0, 1
91.0
0	0	0	14	14	14	
16	0	0	0	0	0	
16	0	12	0	1	1	
16	0	12	0	0	9	
4	11	8	8	0	9	
4	11	5	5	10	10	


10, 10, 0
90
8	7	7	11	10	10	
8	0	0	11	15	3	
0	4	1	1	15	3	
0	4	0	13	15	0	
0	0	0	13	0	0	
0	0	0	13	5	5	


5.0, 10.0, 2
92.0
16	8	8	0	0	0	
16	0	4	4	0	0	
16	0	0	1	1	0	
0	0	7	7	11	14	
0	0	0	5	11	14	
0	0	0	5	0	14	


7.5, 5.0, 4
49.0
2	2	0	0	0	0	
3	14	14	14	0	0	
3	0	1	1	13	0	
12	0	6	6	13	0	
12	5	0	9	13	0	
0	5	0	9	0	0	


5.7142857142857135, 5.7142857142857135, 7
58.42857142857142
0	4	0	0	11	0	
0	4	8	8	11	0	
0	1	1	0	0	0	
0	0	9	0	5	13	
2	2	9	0	5	13	
0	0	0	0	0	13	


5.0, 5.0, 2
47.0
0	4	4	0	0	0	
0	10	10	0	0	0	
0	0	0	1	1	0	
0	11	9	9	0	0	
0	11	0	15	15	15	
0	0	0	0	0	0	


6.666666666666666, 6.666666666666666, 3
62.99999999999999
0	5	5	0	8	8	
0	0	0	0	0	0	
10	10	1	1	0	0	
3	0	12	0	15	0	
3	6	12	0	15	0	
0	6	2	2	15	0	


6.25, 3.75, 8
41.75
0	0	5	5	2	2	
0	0	0	11	11	0	
0	1	1	0	0	0	
0	0	0	3	6	0	
0	0	10	3	6	9	
0	0	10	0	0	9	


6.25, 6.25, 8
64.25
0	0	10	10	0	0	
0	0	14	14	14	0	
1	1	0	8	0	0	
16	13	6	8	0	0	
16	13	6	0	4	4	
16	13	0	0	0	0	


6.190476190476191, 2.8571428571428568, 21
46.71428571428571
0	6	6	0	10	10	
0	0	0	0	4	2	
1	1	0	0	4	2	
0	0	15	0	0	0	
0	0	15	11	11	12	
0	0	15	3	3	12	


6.0, 6.0, 5
59.0
6	6	16	5	3	0	
2	2	16	5	3	15	
4	4	16	1	1	15	
0	0	0	7	0	15	
0	0	0	7	11	0	
0	0	0	0	11	0	


5.0, 10.0, 2
92.0
0	0	0	0	5	7	
2	2	8	0	5	7	
12	12	8	1	1	0	
0	0	0	0	0	0	
11	0	0	0	10	10	
11	15	15	15	0	0	


0.0, 10.0, 1
91.0
0	0	0	0	0	0	
0	5	5	0	0	0	
0	12	0	0	1	1	
0	12	0	0	4	0	
0	8	8	0	4	0	
0	6	6	13	13	13	


6.0, 6.0, 5
59.0
0	6	0	5	11	0	
0	6	0	5	11	13	
7	7	0	1	1	13	
16	16	16	0	0	13	
0	0	0	9	9	0	
0	0	0	0	0	0	


