34518
5	5	0	3	12	0	
0	0	0	3	12	0	
4	0	0	1	1	0	
4	0	0	0	0	9	
0	0	0	0	0	9	
7	7	16	16	16	0	


52989
3	13	13	13	11	0	
3	14	14	14	11	0	
10	10	1	1	5	0	
2	2	0	0	5	0	
0	0	0	0	6	6	
0	16	16	16	0	0	


34551
8	11	0	3	0	0	
8	11	0	3	0	0	
0	12	12	1	1	0	
0	10	10	0	0	0	
0	0	0	0	0	5	
0	14	14	14	0	5	


28860
5	5	0	0	0	0	
13	13	13	0	0	0	
0	7	0	1	1	0	
0	7	0	0	15	4	
0	0	0	0	15	4	
14	14	14	0	15	0	


34587
0	0	0	0	0	10	
16	16	16	0	0	10	
0	0	1	1	0	4	
15	15	15	0	9	4	
0	7	7	0	9	0	
0	0	0	0	0	0	


838197
0	0	0	0	12	12	
7	7	0	0	3	0	
8	8	1	1	3	0	
10	10	0	0	0	0	
0	11	11	0	0	4	
15	15	15	0	0	4	


1033178
2	8	8	0	7	7	
2	15	15	15	4	4	
1	1	0	0	0	0	
0	0	0	0	0	11	
0	0	5	0	0	11	
0	0	5	0	0	0	


54086
0	0	0	0	7	0	
0	11	11	0	7	0	
0	10	1	1	0	0	
0	10	0	3	3	2	
9	9	0	0	0	2	
0	14	14	14	5	5	


1579282
13	13	13	0	0	0	
5	5	0	0	0	0	
1	1	0	0	3	0	
6	6	9	9	3	0	
0	8	8	15	15	15	
0	0	0	0	12	12	


810701
0	6	6	0	0	13	
0	0	7	7	11	13	
0	14	1	1	11	13	
0	14	0	0	0	0	
0	14	9	9	0	0	
0	0	4	4	0	0	


36166
14	13	13	13	0	0	
14	0	0	0	0	6	
14	0	0	1	1	6	
0	9	9	0	0	0	
3	0	10	10	0	0	
3	0	2	2	0	0	


776291
0	0	0	2	0	0	
0	8	0	2	10	16	
13	8	1	1	10	16	
13	12	0	0	0	16	
13	12	14	14	14	0	
0	0	0	9	9	0	


41977
11	0	0	0	0	12	
11	16	16	16	0	12	
9	9	1	1	0	0	
4	0	0	14	14	14	
4	6	0	2	0	0	
0	6	0	2	0	0	


37890
0	0	12	12	0	5	
0	10	0	7	7	5	
4	10	0	1	1	0	
4	0	0	9	0	0	
0	6	0	9	0	0	
0	6	0	0	0	0	


736613
0	0	4	4	0	0	
0	0	0	12	12	8	
1	1	0	11	0	8	
10	0	0	11	0	2	
10	9	5	5	0	2	
0	9	0	0	6	6	


41722
0	3	3	2	0	0	
0	0	0	2	0	0	
0	0	1	1	11	0	
5	5	0	0	11	7	
0	0	0	8	8	7	
0	14	14	14	0	0	


73499
0	4	0	0	0	0	
0	4	0	13	13	13	
1	1	11	0	12	0	
0	14	11	0	12	10	
0	14	0	0	0	10	
0	14	0	9	9	0	


654836
0	9	0	0	0	7	
14	9	0	0	0	7	
14	0	1	1	0	0	
14	0	0	0	11	0	
0	0	0	0	11	3	
0	8	8	0	0	3	


23910
0	14	14	14	5	5	
0	0	0	0	0	0	
0	16	0	1	1	0	
0	16	0	0	10	10	
0	16	0	0	11	0	
0	0	0	0	11	0	


41477
2	0	14	14	14	0	
2	0	6	6	0	0	
3	0	1	1	0	0	
3	0	0	10	10	11	
12	0	0	0	0	11	
12	0	0	9	9	0	


94487
7	7	12	0	0	0	
0	0	12	0	0	0	
3	0	1	1	0	16	
3	0	0	0	11	16	
0	0	5	5	11	16	
8	8	0	0	2	2	


42596
0	0	0	0	6	6	
15	11	0	0	0	0	
15	11	0	1	1	0	
15	0	0	7	0	0	
3	3	0	7	10	10	
0	16	16	16	12	12	


612300
0	8	16	0	0	0	
0	8	16	0	0	0	
0	3	16	1	1	0	
0	3	0	0	0	2	
11	11	0	0	0	2	
0	0	15	15	15	0	


37183
0	12	12	7	0	0	
0	0	0	7	0	0	
10	0	1	1	0	0	
10	3	3	6	0	8	
0	0	0	6	0	8	
0	9	9	0	0	0	


43028
0	2	0	0	0	0	
4	2	14	14	14	0	
4	7	1	1	11	0	
8	7	0	0	11	0	
8	0	0	12	12	0	
0	0	0	0	0	0	


40811
0	0	14	14	14	0	
12	12	0	3	3	0	
11	0	0	1	1	0	
11	10	0	0	0	0	
0	10	6	6	0	4	
0	5	5	0	0	4	


41103
5	0	0	9	9	0	
5	0	0	7	7	0	
2	2	1	1	0	0	
0	13	13	13	0	0	
0	11	11	12	0	0	
0	10	10	12	0	0	


48156
0	0	10	0	0	0	
8	8	10	0	0	0	
4	4	1	1	7	0	
0	14	14	14	7	0	
0	0	0	0	11	12	
0	0	0	0	11	12	


29819
11	8	8	0	3	0	
11	12	12	0	3	0	
0	0	1	1	0	0	
0	0	0	15	15	15	
0	0	0	5	0	0	
0	0	0	5	0	0	


77299
2	11	14	14	14	0	
2	11	0	10	10	0	
7	0	0	1	1	16	
7	0	9	9	0	16	
4	0	0	0	0	16	
4	0	0	0	5	5	


41319
0	6	3	3	0	0	
0	6	0	0	0	0	
5	7	0	1	1	0	
5	7	0	0	0	0	
12	12	0	4	4	0	
0	14	14	14	10	10	


782698
0	3	3	11	9	9	
2	2	0	11	0	0	
1	1	0	0	0	14	
10	12	12	0	0	14	
10	0	6	6	0	14	
8	8	15	15	15	0	


1494454
0	0	0	0	0	0	
15	15	15	0	5	5	
1	1	0	0	0	16	
0	11	11	0	0	16	
0	6	6	10	0	16	
0	12	12	10	8	8	


58177
15	15	15	0	6	0	
3	3	0	0	6	12	
0	0	1	1	4	12	
0	0	0	0	4	0	
2	2	0	7	7	0	
0	0	0	0	0	0	


749136
0	0	2	2	13	0	
0	0	0	15	13	11	
1	1	0	15	13	11	
0	5	5	15	0	4	
0	0	0	0	0	4	
0	12	12	0	0	0	


34646
5	5	0	0	0	12	
0	15	15	15	0	12	
7	7	1	1	0	0	
9	9	0	0	0	0	
0	0	0	4	4	0	
0	0	0	10	10	0	


34149
0	12	0	15	15	15	
0	12	0	0	0	0	
0	6	11	1	1	7	
0	6	11	0	0	7	
0	0	0	16	16	16	
0	14	14	14	0	0	


694609
15	12	0	4	4	13	
15	12	0	0	0	13	
15	0	10	1	1	13	
0	6	10	0	0	0	
0	6	0	0	0	0	
2	2	9	9	0	0	


27907
12	12	0	0	0	8	
0	0	0	0	0	8	
0	0	1	1	0	0	
0	9	9	0	4	4	
5	0	0	11	11	0	
5	0	0	0	0	0	


34021
0	0	0	0	0	0	
16	16	16	0	0	0	
0	3	3	1	1	0	
9	6	6	0	0	14	
9	13	13	13	0	14	
0	11	11	0	0	14	


40369
0	4	13	2	0	0	
0	4	13	2	9	9	
0	0	13	1	1	0	
0	0	0	0	3	3	
0	11	11	0	0	0	
0	0	7	7	5	5	


39483
0	0	0	16	16	16	
0	0	0	0	11	11	
10	10	1	1	0	0	
0	0	8	8	0	7	
0	5	5	4	4	7	
0	2	2	0	0	0	


608389
0	0	0	0	0	0	
8	8	3	0	0	13	
1	1	3	5	0	13	
0	16	0	5	7	13	
10	16	0	0	7	0	
10	16	0	9	9	0	


28721
12	12	14	14	14	2	
7	0	0	0	0	2	
7	0	0	1	1	0	
0	11	0	0	0	0	
0	11	0	0	9	9	
0	0	0	0	0	0	


40112
0	7	7	0	0	0	
2	0	0	0	0	8	
2	0	0	1	1	8	
0	9	16	14	14	14	
10	9	16	0	0	0	
10	0	16	0	11	11	


40496
15	6	6	7	9	0	
15	14	0	7	9	0	
15	14	1	1	0	0	
0	14	0	0	0	10	
0	0	0	2	0	10	
0	0	0	2	5	5	


615615
0	0	0	0	0	0	
0	14	14	14	0	0	
1	1	0	0	0	0	
16	0	0	0	9	0	
16	0	11	11	9	0	
16	6	6	15	15	15	


700381
8	8	0	15	15	15	
0	0	13	0	10	10	
1	1	13	0	0	0	
4	4	13	0	3	3	
6	6	0	0	5	0	
0	0	0	0	5	0	


493063
0	2	0	0	0	3	
0	2	0	6	0	3	
1	1	0	6	0	13	
0	7	7	0	0	13	
0	4	5	0	0	13	
0	4	5	0	0	0	


644179
7	7	15	10	10	0	
0	0	15	4	0	0	
1	1	15	4	0	8	
0	0	11	11	0	8	
0	0	0	3	3	0	
9	9	0	0	0	0	


