True
4
13	13	3	3	11	11	
4	0	6	0	5	5	
4	10	6	1	1	9	
0	10	7	7	0	9	
2	2	0	0	14	14	
0	8	8	12	12	0	


True
1
0	3	3	2	4	6	
7	14	5	2	4	6	
7	14	5	1	1	0	
12	8	11	9	9	0	
12	8	11	13	13	15	
17	17	10	10	0	15	


True
1
12	12	7	7	15	15	
5	5	16	16	2	2	
11	4	8	1	1	0	
11	4	8	10	10	6	
0	3	3	14	14	6	
13	13	0	9	9	0	


True
2
12	12	7	2	2	4	
10	10	7	17	17	4	
14	14	1	1	0	0	
13	13	3	6	6	11	
8	8	3	9	9	11	
19	19	18	18	5	5	


True
5
12	8	14	0	15	15	
12	8	14	4	4	0	
0	11	11	1	1	5	
2	10	16	7	3	5	
2	10	16	7	3	13	
0	6	6	9	9	13	


True
9
7	15	3	4	6	6	
7	15	3	4	12	10	
14	11	1	1	12	10	
14	11	0	2	2	0	
9	9	8	8	0	0	
0	13	13	5	5	0	


True
3
8	14	6	4	4	7	
8	14	6	11	11	7	
0	12	12	1	1	13	
5	0	2	2	0	13	
5	9	10	15	3	0	
0	9	10	15	3	0	


True
3
10	10	5	14	14	16	
9	9	5	4	4	16	
6	6	1	1	0	13	
7	0	15	15	8	13	
7	12	12	2	8	0	
11	11	0	2	3	3	


True
1
4	4	0	12	12	9	
8	15	3	3	0	9	
8	15	0	1	1	0	
0	13	13	10	10	6	
7	5	2	14	0	6	
7	5	2	14	11	11	


True
2
5	0	4	4	14	14	
5	6	7	7	11	11	
3	6	1	1	0	0	
3	13	13	2	12	12	
9	16	0	2	15	17	
9	16	8	8	15	17	


True
3
17	0	9	9	15	8	
17	4	10	10	15	8	
5	4	1	1	14	0	
5	11	11	3	14	0	
7	18	6	3	0	13	
7	18	6	2	2	13	


True
3
16	13	13	10	8	5	
16	11	11	10	8	5	
6	6	1	1	2	0	
0	12	15	9	2	7	
14	12	15	9	0	7	
14	4	4	3	3	0	


True
3
16	5	5	6	0	9	
16	7	7	6	12	9	
4	4	1	1	12	0	
11	11	8	8	18	18	
17	3	10	10	2	14	
17	3	13	13	2	14	


True
10
4	4	14	14	0	9	
0	3	0	10	10	9	
11	3	1	1	15	0	
11	6	6	0	15	8	
12	16	16	2	5	8	
12	7	7	2	5	0	


True
4
3	3	12	12	9	0	
0	10	10	0	9	7	
15	8	1	1	0	7	
15	8	0	13	13	16	
6	5	2	4	4	16	
6	5	2	0	14	14	


True
15
0	4	4	5	2	2	
6	12	0	5	13	0	
6	12	1	1	13	9	
16	16	0	11	11	9	
7	7	0	0	3	3	
0	10	10	0	8	8	


True
5
4	4	0	7	17	17	
12	12	9	7	10	10	
1	1	9	0	0	0	
15	15	8	8	11	11	
2	2	18	16	16	6	
13	13	18	14	14	6	


True
1
16	16	6	6	9	9	
5	5	10	10	8	8	
13	12	14	1	1	0	
13	12	14	11	11	4	
15	15	7	7	0	4	
2	2	0	3	3	0	


True
3
6	6	0	7	13	13	
9	8	8	7	2	2	
9	4	1	1	0	14	
0	4	12	17	17	14	
16	3	12	5	5	0	
16	3	10	10	11	11	


True
2
12	12	3	17	9	0	
6	10	3	17	9	8	
6	10	0	1	1	8	
15	5	13	13	7	7	
15	5	2	14	4	16	
11	11	2	14	4	16	


True
6
15	15	0	4	4	0	
5	5	7	7	16	8	
0	14	1	1	16	8	
12	14	11	11	2	0	
12	10	9	6	2	13	
0	10	9	6	0	13	


True
2
3	3	13	8	16	4	
17	17	13	8	16	4	
5	5	1	1	0	0	
18	11	12	12	9	9	
18	11	6	6	0	2	
10	10	0	15	15	2	


True
10
0	11	11	2	9	9	
13	13	0	2	0	7	
3	3	1	1	0	7	
18	4	5	0	15	15	
18	4	5	0	10	10	
14	14	0	8	8	0	


True
2
14	14	10	13	7	0	
3	3	10	13	7	11	
16	4	0	1	1	11	
16	4	5	12	0	2	
6	6	5	12	9	2	
15	15	8	8	9	0	


True
16
18	8	10	10	0	0	
18	8	9	12	0	6	
1	1	9	12	0	6	
0	2	0	7	7	0	
5	2	4	14	11	0	
5	0	4	14	11	0	


True
4
13	17	3	4	0	2	
13	17	3	4	10	2	
11	11	1	1	10	0	
5	8	8	6	6	0	
5	16	16	9	9	12	
14	14	0	7	7	12	


True
9
4	12	0	0	6	6	
4	12	5	15	15	2	
1	1	5	0	3	2	
8	8	10	9	3	16	
7	7	10	9	0	16	
0	17	17	14	14	0	


True
1
0	9	9	11	11	4	
5	0	6	6	0	4	
5	13	0	1	1	0	
0	13	7	7	10	10	
8	8	3	12	2	14	
15	15	3	12	2	14	


True
1
16	8	0	5	10	15	
16	8	9	5	10	15	
7	7	9	1	1	0	
0	11	11	13	3	3	
4	4	12	13	2	2	
6	6	12	14	14	0	


True
16
6	0	7	7	0	11	
6	3	0	14	14	11	
0	3	1	1	9	0	
8	12	15	5	9	0	
8	12	15	5	4	4	
13	13	0	2	2	0	


True
2
11	11	14	10	10	15	
4	4	14	12	12	15	
13	13	1	1	0	0	
5	5	8	6	6	9	
7	16	8	3	2	9	
7	16	0	3	2	0	


True
10
18	6	14	12	12	0	
18	6	14	11	0	5	
1	1	0	11	0	5	
3	2	2	10	10	0	
3	4	15	8	8	0	
0	4	15	7	7	0	


True
20
3	3	0	4	4	7	
11	11	0	15	15	7	
2	2	1	1	5	8	
6	0	10	0	5	8	
6	13	10	9	12	0	
0	13	0	9	12	0	


True
21
0	0	14	14	6	6	
4	4	0	0	10	10	
16	2	1	1	11	0	
16	2	3	3	11	7	
8	8	12	12	5	7	
0	9	9	0	5	0	


True
2
13	13	11	11	8	0	
0	12	4	4	8	10	
14	12	0	1	1	10	
14	0	2	7	15	15	
9	9	2	7	5	5	
3	3	0	6	6	0	


True
5
7	0	0	4	4	11	
7	6	6	0	12	11	
9	0	1	1	12	0	
9	13	13	5	5	0	
0	2	2	10	14	8	
3	3	0	10	14	8	


True
8
0	13	13	2	16	16	
18	18	6	2	4	4	
1	1	6	0	0	0	
8	8	0	12	12	0	
11	5	10	9	7	15	
11	5	10	9	7	15	


True
27
0	10	12	12	2	2	
0	10	13	13	4	0	
1	1	0	9	4	0	
0	5	5	9	0	3	
6	6	11	7	7	3	
14	14	11	0	8	8	


True
3
11	3	3	0	5	5	
11	15	14	7	7	13	
12	15	14	1	1	13	
12	9	9	0	10	10	
6	6	2	2	0	4	
0	8	8	16	16	4	


True
2
11	11	0	7	8	12	
0	6	6	7	8	12	
10	0	1	1	0	0	
10	4	4	5	5	0	
13	2	14	9	3	15	
13	2	14	9	3	15	


True
4
3	3	0	9	0	0	
0	10	10	9	12	4	
6	6	1	1	12	4	
15	15	5	5	0	11	
2	2	0	8	7	11	
0	14	14	8	7	0	


True
3
11	17	17	4	10	0	
11	7	7	4	10	12	
2	16	1	1	0	12	
2	16	8	8	9	0	
3	3	5	15	9	14	
13	13	5	15	0	14	


True
6
0	6	6	5	0	9	
12	12	0	5	0	9	
14	14	1	1	11	0	
8	16	16	3	11	0	
8	4	4	3	7	7	
0	2	2	10	10	0	


True
11
3	10	0	19	0	0	
3	10	0	19	9	6	
1	1	14	4	9	6	
16	16	14	4	8	0	
7	12	5	0	8	13	
7	12	5	11	11	13	


True
17
7	6	6	9	9	12	
7	8	8	4	5	12	
1	1	0	4	5	0	
2	14	14	0	10	10	
2	13	11	0	0	16	
0	13	11	3	3	16	


True
3
14	6	6	0	8	8	
14	3	9	9	5	5	
10	3	1	1	12	0	
10	7	7	2	12	11	
13	13	0	2	0	11	
0	4	4	16	16	0	


True
5
9	11	15	15	8	7	
9	11	2	2	8	7	
1	1	0	0	0	10	
0	4	4	12	12	10	
5	5	16	6	6	0	
14	14	16	13	13	0	


False
0
7	0	0	11	11	8	
7	19	19	4	0	8	
1	1	2	4	9	10	
6	0	2	0	9	10	
6	5	3	3	0	0	
0	5	0	15	15	0	


True
4
14	0	5	6	0	12	
14	9	5	6	8	12	
4	9	1	1	8	2	
4	13	13	10	10	2	
0	7	7	3	3	0	
15	15	0	11	11	0	


True
19
6	13	13	0	0	0	
6	0	8	8	12	4	
1	1	9	7	12	4	
15	0	9	7	0	11	
15	5	2	2	0	11	
0	5	10	10	3	3	


