True
3
0	0	5	0	12	0	
0	9	5	0	12	6	
0	9	1	1	0	6	
4	0	16	16	16	11	
4	0	14	14	14	11	
0	0	10	10	0	0	


True
5
0	12	12	15	15	15	
0	10	10	0	0	0	
1	1	0	0	0	0	
0	0	0	0	5	5	
0	0	0	9	9	0	
6	6	2	2	3	3	


True
3
0	0	0	0	0	0	
9	9	6	6	0	0	
7	7	1	1	14	0	
4	4	5	5	14	3	
0	16	16	16	14	3	
0	2	2	0	0	0	


True
3
11	0	0	0	0	0	
11	0	0	7	7	0	
12	12	1	1	0	9	
0	0	16	0	0	9	
0	3	16	10	0	0	
0	3	16	10	0	0	


True
6
0	16	8	8	0	5	
11	16	6	6	15	5	
11	16	1	1	15	0	
0	0	0	0	15	7	
0	12	0	0	0	7	
0	12	0	0	0	0	


True
17
9	9	4	4	0	0	
0	0	0	0	0	7	
0	0	1	1	15	7	
0	0	0	0	15	0	
13	13	13	0	15	0	
0	0	0	16	16	16	


True
5
4	4	9	6	6	0	
0	0	9	14	14	14	
1	1	0	0	0	0	
0	2	3	11	11	0	
0	2	3	0	12	12	
0	0	0	0	0	0	


True
5
0	3	3	0	0	0	
0	0	0	0	0	0	
1	1	0	0	0	0	
7	7	0	0	0	0	
0	4	4	0	0	0	
6	6	15	15	15	0	


True
5
0	0	2	0	6	6	
0	0	2	16	16	16	
1	1	0	0	0	0	
12	0	0	7	11	0	
12	0	0	7	11	0	
3	3	0	13	13	13	


True
4
0	0	0	0	3	3	
15	15	15	0	2	0	
12	12	1	1	2	0	
14	16	16	16	0	0	
14	0	0	0	0	0	
14	0	0	0	0	0	


True
3
12	0	0	0	0	10	
12	0	0	0	6	10	
8	8	1	1	6	0	
0	0	9	0	0	5	
11	11	9	0	0	5	
0	15	15	15	0	0	


True
2
0	11	0	3	3	0	
0	11	14	14	14	0	
0	0	1	1	0	0	
15	0	0	0	0	16	
15	8	6	6	0	16	
15	8	5	5	0	16	


True
1
0	2	2	0	7	7	
14	14	14	0	0	0	
0	0	11	1	1	0	
0	0	11	0	0	0	
0	0	0	0	0	0	
15	15	15	0	0	0	


True
10
0	0	0	0	0	14	
0	0	0	0	2	14	
1	1	0	0	2	14	
0	0	8	8	0	0	
11	11	7	7	6	0	
0	15	15	15	6	0	


True
4
12	12	0	8	0	0	
0	0	0	8	0	0	
0	0	1	1	0	5	
2	9	6	0	0	5	
2	9	6	0	0	0	
0	0	0	7	7	0	


True
6
0	0	5	0	7	7	
0	0	5	0	0	0	
1	1	0	0	0	0	
0	0	0	9	9	0	
0	0	0	0	10	10	
0	0	14	14	14	0	


True
10
0	0	7	7	0	3	
0	0	6	10	10	3	
1	1	6	0	0	0	
0	0	0	11	8	0	
0	0	0	11	8	0	
0	0	0	0	0	0	


True
2
0	6	6	7	10	10	
0	0	0	7	0	0	
0	0	1	1	0	0	
0	4	0	13	13	13	
0	4	0	0	0	0	
0	0	8	8	0	0	


True
14
0	0	0	10	10	11	
0	8	8	2	0	11	
1	1	14	2	0	0	
0	0	14	0	4	4	
0	0	14	0	0	0	
0	9	9	15	15	15	


True
3
0	0	0	0	0	0	
0	0	9	9	12	12	
0	0	1	1	0	4	
6	0	0	0	3	4	
6	0	0	0	3	0	
11	11	0	0	5	5	


True
2
0	0	5	0	8	8	
0	0	5	0	0	0	
7	0	1	1	0	0	
7	0	12	0	0	11	
0	0	12	0	0	11	
0	0	14	14	14	0	


True
3
12	12	0	0	0	0	
0	11	11	0	0	10	
8	8	1	1	0	10	
0	5	0	15	9	6	
0	5	0	15	9	6	
0	0	0	15	0	0	


True
9
9	9	7	7	0	0	
6	6	15	15	15	14	
1	1	0	0	0	14	
0	0	10	12	0	14	
0	0	10	12	0	0	
4	4	0	0	0	0	


True
2
6	6	4	4	0	0	
0	0	3	3	0	0	
0	0	1	1	0	0	
7	0	0	8	9	0	
7	0	0	8	9	0	
15	15	15	0	0	0	


True
2
0	0	7	0	0	0	
4	4	7	0	0	0	
0	0	1	1	0	0	
14	14	14	0	5	5	
0	0	0	0	8	0	
0	0	0	0	8	0	


True
4
0	0	0	6	6	0	
0	0	0	0	0	0	
1	1	0	0	0	0	
0	0	5	5	0	12	
0	0	0	4	4	12	
13	13	13	0	3	3	


True
6
0	0	15	15	15	0	
0	0	11	11	0	7	
1	1	0	0	0	7	
0	3	3	0	0	16	
6	0	0	5	5	16	
6	0	4	4	0	16	


True
2
0	0	14	2	2	11	
0	0	14	0	0	11	
0	0	14	1	1	13	
15	9	7	0	0	13	
15	9	7	0	0	13	
15	0	0	8	8	0	


True
7
6	6	0	0	0	0	
0	0	0	0	0	0	
1	1	15	0	0	0	
0	0	15	0	0	4	
0	12	15	5	5	4	
0	12	0	0	0	0	


True
3
0	0	8	8	2	7	
0	11	11	0	2	7	
15	0	1	1	0	0	
15	6	6	0	0	13	
15	0	0	0	0	13	
4	4	0	10	10	13	


True
7
0	10	10	3	13	0	
15	15	15	3	13	12	
5	5	1	1	13	12	
0	11	11	8	0	0	
0	0	0	8	0	0	
0	16	16	16	0	0	


True
7
0	0	0	14	14	14	
15	15	15	0	12	0	
0	0	1	1	12	0	
0	0	0	4	0	10	
0	0	5	4	0	10	
3	3	5	0	0	0	


True
1
0	0	0	12	9	9	
0	14	0	12	0	0	
0	14	0	1	1	0	
0	14	16	16	16	0	
0	0	0	3	3	0	
0	0	7	7	0	0	


True
4
13	13	13	0	0	0	
3	0	0	0	2	4	
3	0	1	1	2	4	
14	0	0	7	8	8	
14	0	0	7	5	9	
14	0	0	0	5	9	


True
1
0	0	4	4	12	12	
0	14	14	14	0	0	
0	0	0	1	1	0	
0	0	0	6	6	16	
2	0	3	3	0	16	
2	0	0	0	0	16	


True
3
7	0	0	0	0	0	
7	11	0	0	0	8	
0	11	1	1	0	8	
9	0	12	14	10	10	
9	0	12	14	0	6	
0	0	0	14	0	6	


True
7
0	8	0	0	12	0	
0	8	5	5	12	0	
1	1	0	4	0	0	
0	0	0	4	6	14	
3	3	0	0	6	14	
15	15	15	0	0	14	


True
4
0	0	9	0	0	7	
0	0	9	0	0	7	
1	1	0	0	0	0	
15	15	15	8	8	0	
0	0	4	2	5	5	
0	0	4	2	12	12	


True
2
0	0	0	16	16	16	
0	6	0	0	0	0	
0	6	7	1	1	11	
0	0	7	3	0	11	
2	2	0	3	0	0	
14	14	14	13	13	13	


True
5
0	4	11	11	0	0	
0	4	3	3	0	15	
0	13	1	1	0	15	
0	13	0	0	16	15	
0	13	0	0	16	0	
0	0	10	10	16	0	


True
3
0	0	6	0	0	0	
0	0	6	10	10	9	
0	2	1	1	0	9	
0	2	7	0	5	5	
11	11	7	0	0	0	
0	0	0	8	8	0	


True
4
10	3	3	0	0	11	
10	0	0	0	0	11	
12	15	1	1	0	14	
12	15	0	0	0	14	
6	15	0	8	8	14	
6	0	4	4	0	0	


True
2
12	12	0	3	0	0	
0	13	0	3	0	0	
0	13	1	1	0	0	
0	13	0	0	10	2	
0	0	5	5	10	2	
0	16	16	16	4	4	


True
7
0	0	0	0	7	7	
2	2	0	0	0	0	
3	0	1	1	14	4	
3	0	0	0	14	4	
12	0	0	0	14	6	
12	9	9	0	0	6	


True
2
0	0	0	11	0	0	
0	0	0	11	0	0	
0	5	1	1	0	0	
0	5	0	0	0	0	
0	3	9	2	2	0	
0	3	9	7	7	0	


True
2
11	16	0	6	0	0	
11	16	0	6	12	12	
0	16	1	1	0	0	
0	0	0	0	0	0	
4	4	0	9	0	0	
0	8	8	9	0	0	


True
5
0	0	0	0	10	10	
6	13	0	0	0	5	
6	13	1	1	0	5	
0	13	0	9	0	0	
0	0	0	9	0	8	
0	0	14	14	14	8	


True
1
0	0	0	0	0	0	
0	8	8	0	0	0	
5	5	7	1	1	0	
4	4	7	0	14	0	
0	0	0	0	14	0	
0	0	12	12	14	0	


True
5
16	16	16	8	0	0	
0	0	0	8	0	0	
1	1	0	0	0	14	
0	0	6	9	0	14	
5	0	6	9	0	14	
5	0	0	7	7	0	


True
7
0	5	5	0	0	0	
9	9	2	2	0	6	
1	1	0	0	0	6	
0	0	0	0	11	11	
0	0	3	3	0	0	
0	0	8	8	0	0	


True
7
0	0	0	0	3	0	
0	0	0	0	3	0	
1	1	0	4	14	0	
0	9	9	4	14	0	
6	0	0	0	14	0	
6	10	10	0	0	0	


True
14
13	0	0	3	3	0	
13	0	9	9	0	16	
13	0	0	1	1	16	
0	0	0	0	0	16	
0	11	11	0	0	0	
0	5	5	15	15	15	


True
4
4	4	0	0	7	7	
0	0	0	16	16	16	
1	1	0	0	0	0	
0	0	0	8	5	5	
0	0	0	8	0	0	
0	0	0	0	2	2	


True
2
0	15	15	15	0	0	
0	2	0	3	3	0	
13	2	1	1	0	0	
13	0	8	8	6	6	
13	0	0	0	0	0	
14	14	14	0	10	10	


True
3
9	8	8	0	11	11	
9	0	0	0	0	0	
0	0	1	1	0	16	
0	0	7	7	0	16	
0	10	10	2	2	16	
4	4	0	6	6	0	


True
1
0	6	6	0	0	0	
5	4	0	2	2	0	
5	4	12	1	1	0	
0	0	12	0	0	0	
0	0	0	10	0	0	
0	0	0	10	0	0	


True
3
0	0	0	0	4	0	
0	0	0	0	4	3	
0	0	1	1	0	3	
0	0	16	15	8	12	
0	0	16	15	8	12	
0	0	16	15	0	0	


True
3
0	0	15	15	15	0	
0	3	3	0	0	11	
4	4	1	1	0	11	
14	0	0	16	0	0	
14	10	10	16	0	7	
14	0	0	16	0	7	


True
4
0	0	0	0	0	2	
0	0	16	16	16	2	
1	1	0	0	0	0	
0	3	3	0	0	14	
0	0	0	0	0	14	
0	9	9	11	11	14	


True
2
10	10	0	0	0	0	
5	0	13	13	13	0	
5	0	1	1	0	0	
0	0	0	3	3	0	
8	11	11	0	0	0	
8	0	0	0	0	0	


True
8
0	11	11	0	0	0	
7	7	13	13	13	0	
1	1	0	0	9	0	
0	0	0	8	9	0	
0	0	10	8	0	0	
0	0	10	0	5	5	


True
1
8	8	0	0	0	0	
3	3	0	0	0	0	
0	0	0	1	1	0	
9	0	0	14	14	14	
9	0	0	0	0	0	
0	0	6	6	10	10	


True
1
0	0	7	0	0	0	
0	4	7	0	0	0	
0	4	0	1	1	0	
0	13	13	13	2	0	
3	3	12	0	2	0	
0	0	12	16	16	16	


True
2
11	0	0	0	0	3	
11	0	4	0	0	3	
0	0	4	1	1	7	
6	12	12	0	10	7	
6	0	0	0	10	0	
0	0	8	8	0	0	


True
3
16	6	6	0	0	0	
16	13	13	13	7	0	
16	0	1	1	7	0	
0	9	0	0	5	5	
0	9	0	0	0	0	
0	0	0	0	0	0	


True
10
0	0	4	4	0	0	
0	10	10	0	2	0	
1	1	11	0	2	0	
0	15	11	0	0	0	
0	15	5	5	0	0	
0	15	0	6	6	0	


True
2
0	0	0	8	8	0	
0	0	0	14	14	14	
0	0	1	1	0	0	
0	0	0	0	0	10	
0	0	9	9	0	10	
12	12	0	0	0	0	


True
3
0	0	0	12	0	0	
3	3	0	12	0	0	
0	0	1	1	0	6	
15	13	9	0	0	6	
15	13	9	0	2	0	
15	13	0	0	2	0	


True
1
0	0	3	2	0	0	
0	0	3	2	4	4	
0	0	0	1	1	0	
7	0	0	0	0	0	
7	10	10	0	8	8	
0	6	6	14	14	14	


True
1
3	3	0	0	0	7	
8	8	14	14	14	7	
0	0	0	1	1	0	
0	0	13	0	0	0	
9	0	13	0	0	0	
9	0	13	0	10	10	


True
1
0	9	9	0	0	0	
0	8	0	0	0	0	
0	8	0	1	1	0	
0	0	5	5	0	13	
0	6	0	0	0	13	
0	6	11	11	0	13	


True
3
0	0	3	0	0	0	
7	7	3	0	0	0	
0	0	1	1	0	16	
0	0	0	0	10	16	
0	0	9	9	10	16	
5	5	0	0	0	0	


True
13
8	8	0	0	13	0	
12	12	0	0	13	0	
15	0	1	1	13	0	
15	0	2	6	0	16	
15	0	2	6	0	16	
9	9	0	0	0	16	


True
6
0	0	16	16	16	0	
0	7	7	0	0	0	
1	1	0	0	0	0	
0	0	0	10	10	12	
0	11	0	0	0	12	
0	11	3	3	0	0	


True
2
0	0	0	0	0	0	
11	0	0	8	8	5	
11	10	0	1	1	5	
0	10	0	3	2	0	
0	6	0	3	2	0	
0	6	0	0	0	0	


True
1
0	0	10	5	5	0	
0	0	10	14	14	14	
0	13	0	1	1	0	
0	13	3	0	0	0	
6	13	3	9	9	0	
6	4	4	0	0	0	


True
2
0	0	0	0	5	5	
11	11	0	0	0	0	
0	0	1	1	0	0	
13	13	13	0	0	0	
0	2	2	0	8	8	
15	15	15	0	0	0	


True
3
0	0	0	0	0	0	
0	0	0	0	0	0	
14	14	14	1	1	7	
4	9	9	0	0	7	
4	0	0	0	0	8	
0	0	0	0	0	8	


True
2
0	0	0	11	11	0	
16	0	0	15	15	15	
16	0	1	1	0	0	
16	0	0	3	13	0	
0	0	7	3	13	0	
2	2	7	0	13	0	


True
5
3	3	0	0	15	0	
0	0	0	0	15	0	
10	10	1	1	15	0	
0	0	5	5	0	0	
0	0	0	0	0	0	
8	8	0	0	0	0	


True
4
10	0	0	0	5	5	
10	0	0	0	0	0	
7	7	1	1	4	8	
6	6	0	0	4	8	
0	0	0	0	0	0	
3	3	0	0	0	0	


True
3
0	12	0	0	7	0	
0	12	6	6	7	0	
0	0	1	1	0	5	
10	10	11	11	0	5	
0	0	8	0	0	0	
0	0	8	0	0	0	


True
1
4	0	10	10	0	0	
4	0	0	0	3	3	
6	6	0	1	1	0	
0	5	5	11	13	9	
0	0	0	11	13	9	
0	0	0	0	13	0	


True
5
0	12	4	0	0	11	
0	12	4	0	0	11	
1	1	0	0	0	9	
0	6	6	0	0	9	
0	0	14	14	14	0	
0	8	8	0	0	0	


True
3
10	0	0	4	4	0	
10	0	0	0	0	0	
3	3	1	1	0	14	
0	0	0	0	9	14	
0	0	2	2	9	14	
0	0	0	0	0	0	


True
1
0	5	0	0	12	12	
10	5	11	0	0	0	
10	0	11	1	1	0	
0	0	0	0	0	0	
0	9	9	3	0	0	
15	15	15	3	0	0	


True
3
0	0	0	10	0	0	
0	8	0	10	0	15	
14	8	0	1	1	15	
14	3	0	0	0	15	
14	3	0	0	0	0	
11	11	9	9	0	0	


True
2
0	12	0	0	11	0	
5	12	0	0	11	0	
5	0	1	1	0	0	
0	9	0	4	6	0	
0	9	0	4	6	0	
0	0	0	0	0	0	


True
7
0	0	0	0	0	0	
0	0	10	0	0	0	
1	1	10	0	5	0	
0	0	0	0	5	0	
0	0	7	7	12	12	
0	4	4	11	11	0	


True
2
0	0	0	11	11	0	
10	0	0	0	0	0	
10	0	1	1	0	0	
0	0	5	3	3	0	
0	0	5	0	0	4	
0	0	0	0	0	4	


True
5
0	0	7	0	0	0	
0	0	7	0	0	0	
1	1	0	0	0	0	
0	3	3	0	6	0	
0	4	4	0	6	0	
0	0	0	0	2	2	


True
3
8	0	0	0	3	3	
8	0	0	0	0	0	
5	12	1	1	9	0	
5	12	0	6	9	0	
0	0	10	6	0	0	
0	0	10	0	7	7	


True
2
12	14	14	14	7	0	
12	6	6	0	7	0	
0	0	1	1	0	0	
0	0	8	8	4	4	
0	0	0	0	0	0	
0	0	15	15	15	0	


True
1
0	0	11	0	0	0	
16	0	11	0	0	0	
16	15	14	1	1	0	
16	15	14	8	8	4	
0	15	14	0	0	4	
0	0	0	0	2	2	


True
4
0	0	0	0	0	0	
0	10	10	4	4	0	
1	1	0	0	0	0	
0	11	11	0	0	0	
14	14	14	3	3	0	
0	0	16	16	16	0	


True
2
2	2	12	12	0	0	
0	0	0	0	0	9	
14	0	0	1	1	9	
14	0	8	0	0	0	
14	5	8	0	0	6	
0	5	0	0	0	6	


True
5
0	2	11	0	0	0	
0	2	11	5	0	0	
1	1	0	5	0	0	
12	12	14	14	14	0	
0	0	0	0	3	8	
0	0	0	0	3	8	


True
2
0	0	0	5	7	7	
14	2	2	5	0	0	
14	6	1	1	0	0	
14	6	0	0	0	15	
0	0	3	3	0	15	
13	13	13	8	8	15	


True
2
0	0	7	15	15	15	
4	4	7	0	2	2	
6	0	1	1	0	0	
6	9	9	0	0	0	
0	0	13	13	13	0	
8	8	11	11	0	0	


True
7
0	0	7	12	0	0	
0	0	7	12	0	0	
1	1	0	0	3	0	
0	0	0	0	3	0	
11	5	0	10	10	0	
11	5	9	9	0	0	


