16.34285714285714
0	2	2	0	0	0	
5	0	0	0	0	8	
5	1	1	6	0	8	
5	0	0	6	0	8	
3	0	0	6	4	4	
3	7	7	0	0	0	


20.0
2	0	0	10	10	0	
2	0	0	5	0	11	
1	1	0	5	6	11	
9	9	0	0	6	11	
0	0	4	0	7	7	
3	3	4	8	8	0	


20.0
0	0	0	0	0	0	
0	0	0	0	0	0	
0	1	1	5	0	0	
0	2	2	5	0	6	
0	3	0	5	0	6	
0	3	4	4	0	6	


14.66923076923077
0	0	0	6	0	0	
5	0	0	6	0	0	
5	1	1	6	0	0	
5	0	2	0	4	4	
0	0	2	0	0	3	
0	7	7	0	0	3	


22.6
0	2	2	0	8	5	
11	0	0	9	8	5	
11	1	1	9	8	7	
11	10	10	9	0	7	
4	0	0	6	6	0	
4	0	0	3	3	0	


14.5
0	2	2	5	0	0	
0	6	6	5	0	0	
0	1	1	8	9	11	
4	4	7	8	9	11	
3	0	7	8	9	11	
3	0	10	10	0	0	


33.65238095238095
0	2	6	6	0	5	
0	2	0	8	7	5	
1	1	0	8	7	0	
0	0	0	9	9	4	
0	0	0	3	0	4	
0	0	0	3	0	0	


21.415151515151514
0	0	2	2	0	13	
0	5	5	0	6	13	
1	1	4	7	6	13	
3	3	4	7	8	8	
9	9	10	0	14	14	
11	11	10	0	12	12	


17.925
0	2	5	5	6	6	
0	2	0	0	7	7	
0	1	1	4	0	3	
12	10	10	4	11	3	
12	0	8	0	11	9	
12	0	8	0	11	9	


20.0
2	2	5	0	6	6	
4	4	5	0	0	11	
12	1	1	0	0	11	
12	10	10	0	0	11	
12	0	0	7	3	3	
8	8	0	7	9	9	


14.9
7	2	2	8	0	0	
7	0	0	8	0	0	
7	1	1	8	0	0	
0	0	3	0	5	5	
0	0	3	0	0	4	
0	6	6	0	0	4	


16.20769230769231
2	3	3	0	0	0	
2	0	0	0	0	7	
1	1	8	0	0	7	
0	0	8	5	5	7	
0	0	8	0	4	0	
6	6	0	0	4	0	


20.0
2	2	6	6	7	0	
0	0	5	0	7	12	
0	8	5	1	1	12	
13	8	0	4	4	12	
13	0	0	9	3	3	
13	10	10	9	11	11	


20.0
2	2	7	0	0	0	
0	0	7	0	8	8	
5	9	1	1	4	10	
5	9	12	12	4	10	
0	0	11	0	3	3	
6	6	11	0	0	0	


20.0
0	2	2	5	5	0	
6	6	4	4	12	13	
11	14	1	1	12	13	
11	14	7	3	12	13	
11	14	7	3	8	8	
0	9	9	10	10	0	


13.65
2	2	5	5	6	0	
0	3	7	7	6	10	
4	3	0	1	1	10	
4	0	11	9	9	10	
0	0	11	0	0	0	
8	8	11	0	0	0	


14.92222222222222
2	10	10	0	0	0	
2	0	5	5	6	6	
1	1	0	0	0	0	
7	7	4	11	3	0	
9	9	4	11	3	8	
12	12	0	11	0	8	


13.466666666666669
2	2	4	0	0	0	
5	5	4	8	0	0	
9	1	1	8	0	0	
9	6	6	8	0	0	
9	3	3	0	0	0	
7	7	0	0	0	0	


21.381818181818183
0	0	2	0	5	5	
0	4	2	0	6	0	
0	4	1	1	6	0	
0	0	7	7	0	0	
8	8	0	0	3	0	
0	0	0	0	3	0	


17.728571428571428
2	0	0	0	9	9	
2	5	5	0	0	0	
1	1	4	6	0	0	
0	0	4	6	0	10	
0	0	7	3	3	10	
0	0	7	8	8	10	


13.81111111111111
2	2	3	0	0	0	
0	0	3	6	0	0	
7	1	1	6	0	0	
7	4	4	6	0	0	
7	0	0	0	0	0	
0	0	0	0	5	5	


26.836507936507935
5	0	2	0	11	11	
5	0	2	12	6	6	
0	1	1	12	0	0	
3	4	0	12	7	7	
3	4	0	8	8	9	
0	0	10	10	0	9	


20.0
0	0	9	9	0	10	
0	0	2	5	5	10	
0	0	2	1	1	10	
0	0	6	4	7	7	
0	0	6	4	3	3	
0	0	8	8	0	0	


34.99230769230769
0	7	2	0	6	6	
5	7	2	0	8	0	
5	0	1	1	8	0	
0	0	4	4	0	0	
0	10	10	0	9	0	
0	3	3	0	9	0	


20.0
2	2	5	0	6	6	
4	4	5	0	0	12	
13	1	1	0	7	12	
13	11	11	0	7	12	
13	3	0	8	9	9	
0	3	0	8	10	10	


15.95
6	2	10	10	0	0	
6	2	0	0	0	5	
0	1	1	7	12	5	
0	11	11	7	12	0	
8	0	4	0	12	9	
8	0	4	3	3	9	


20.0
2	5	5	9	0	0	
2	6	6	9	0	0	
1	1	4	9	0	10	
0	0	4	7	7	10	
0	0	3	0	0	10	
0	0	3	8	8	0	


15.0
0	10	10	2	0	0	
0	0	11	2	5	5	
1	1	11	0	0	0	
6	4	11	7	7	12	
6	4	0	9	9	12	
3	3	0	8	8	12	


18.639130434782608
11	11	2	0	12	0	
0	0	2	0	12	5	
1	1	0	0	12	5	
6	4	4	7	7	0	
6	3	3	8	0	9	
0	10	10	8	0	9	


14.957142857142857
9	0	2	0	10	10	
9	0	2	5	0	0	
9	1	1	5	0	0	
6	6	0	4	4	8	
0	0	0	0	0	8	
7	7	3	3	0	8	


14.957142857142857
0	2	2	0	9	9	
0	0	0	5	6	6	
4	1	1	5	0	0	
4	0	8	7	7	11	
3	3	8	0	0	11	
0	0	8	10	10	11	


20.0
2	2	10	6	7	7	
0	0	10	6	0	0	
1	1	10	0	0	0	
5	8	8	4	4	11	
5	0	0	9	0	11	
3	3	0	9	0	11	


20.0
0	2	11	0	5	5	
0	2	11	0	0	0	
1	1	11	0	0	0	
9	4	4	7	7	12	
9	3	3	8	6	12	
10	10	0	8	6	12	


20.0
2	0	0	11	11	0	
2	0	0	5	0	12	
1	1	0	5	6	12	
10	10	0	4	6	12	
0	0	7	4	3	3	
9	9	7	8	8	0	


20.0
0	0	10	2	2	11	
0	0	10	5	0	11	
1	1	10	5	0	11	
6	9	9	0	0	0	
6	4	4	7	3	0	
8	8	0	7	3	0	


20.0
10	11	11	0	2	2	
10	5	6	6	0	9	
10	5	1	1	0	9	
12	12	0	4	0	9	
0	0	7	4	3	3	
8	8	7	0	0	0	


21.73720930232558
2	2	5	6	6	0	
4	4	5	0	11	12	
10	0	1	1	11	12	
10	13	13	7	11	12	
10	0	0	7	3	3	
0	8	8	0	9	9	


20.0
2	0	0	10	10	0	
2	5	5	6	0	0	
1	1	4	6	0	11	
0	0	4	7	7	11	
0	0	3	8	8	11	
0	0	3	9	9	0	


16.03333333333333
0	0	2	0	12	12	
0	0	2	5	0	0	
1	1	6	5	0	0	
4	4	6	7	7	11	
3	8	0	9	9	11	
3	8	10	10	0	11	


