1, 6.666666666666666, 1.6666666666666665, 42
2, 7.0, 5.0, 20
3, 10, 10, 0
4, 7.5, 5.0, 12
5, 9.264705882352942, 1.6176470588235294, 68
6, 6.666666666666666, 5.0, 12
7, 10, 10, 0
8, 8.571428571428571, 3.9285714285714284, 28
9, 8.333333333333334, 5.0, 18
10, 6.875, 2.8125, 32
11, 7.058823529411765, 3.5294117647058827, 17
12, 7.777777777777778, 3.333333333333333, 9
13, 10, 10, 0
14, 10, 10, 0
15, 10, 10, 0
16, 5.0, 6.25, 8
17, 6.666666666666666, 5.0, 6
18, 8.333333333333334, 3.333333333333333, 6
19, 10, 10, 0
20, 6.25, 2.25, 40
21, 7.5, 3.75, 8
22, 5.542168674698795, 1.4457831325301205, 83
23, 10, 10, 0
24, 5.396825396825396, 1.5873015873015872, 63
25, 6.309523809523809, 1.1904761904761905, 84
26, 5.6000000000000005, 4.4, 25
27, 10, 10, 0
28, 7.0, 5.0, 10
29, 8.75, 3.75, 24
30, 8.0, 6.0, 5
31, 5.0, 7.5, 8
32, 10, 10, 0
33, 10, 10, 0
34, 10, 10, 0
35, 10, 10, 0
36, 10, 10, 0
37, 6.969696969696971, 1.6666666666666665, 66
38, 10, 10, 0
39, 6.666666666666666, 6.666666666666666, 9
