6.666666666666666, 1.6666666666666665, 42
20.93333333333333
0	2	2	0	0	0	
5	0	0	0	0	8	
5	1	1	6	0	8	
5	0	0	6	0	8	
3	0	0	6	4	4	
3	7	7	0	0	0	


7.0, 5.0, 20
18.0
2	0	10	10	0	0	
2	0	0	5	6	11	
0	1	1	5	6	11	
0	9	9	0	0	11	
0	0	4	7	7	0	
3	3	4	0	8	8	


10, 10, 0
20.0
0	0	0	0	0	0	
0	0	0	0	0	0	
0	1	1	5	0	0	
0	2	2	5	0	6	
0	3	0	5	0	6	
0	3	4	4	0	6	


7.5, 5.0, 12
16.1
0	0	0	6	0	0	
5	0	0	6	0	0	
5	1	1	6	0	0	
5	0	2	0	4	4	
0	0	2	0	0	3	
0	7	7	0	0	3	


9.264705882352942, 1.6176470588235294, 68
31.28235294117647
0	2	2	0	8	5	
11	0	0	9	8	5	
11	1	1	9	8	7	
11	10	10	9	0	7	
4	0	0	6	6	0	
4	0	0	3	3	0	


6.666666666666666, 5.0, 12
15.266666666666666
2	2	0	5	0	0	
0	6	6	5	0	0	
0	1	1	8	9	11	
4	4	7	8	9	11	
3	0	7	8	9	11	
3	0	10	10	0	0	


10, 10, 0
20.0
0	2	6	6	7	5	
0	2	0	8	7	5	
0	1	1	8	0	4	
0	0	9	9	0	4	
0	0	0	3	0	0	
0	0	0	3	0	0	


8.571428571428571, 3.9285714285714284, 28
20.9
0	0	2	2	0	13	
0	5	5	0	6	13	
1	1	4	7	6	13	
3	3	4	7	8	8	
9	9	10	0	14	14	
11	11	10	0	12	12	


8.333333333333334, 5.0, 18
18.733333333333334
0	2	5	5	6	6	
0	2	0	0	7	7	
0	1	1	4	0	3	
12	10	10	4	11	3	
12	0	8	0	11	9	
12	0	8	0	11	9	


6.875, 2.8125, 32
19.2875
2	2	5	6	6	0	
4	4	5	0	0	11	
12	0	1	1	0	11	
12	0	10	10	0	11	
12	0	0	7	3	3	
0	8	8	7	9	9	


7.058823529411765, 3.5294117647058827, 17
15.688235294117648
0	2	2	8	0	0	
7	0	0	8	0	0	
7	1	1	8	0	0	
7	0	3	0	5	5	
0	0	3	0	0	4	
0	6	6	0	0	4	


7.777777777777778, 3.333333333333333, 9
13.81111111111111
2	3	3	0	0	0	
2	0	0	0	0	7	
1	1	8	0	0	7	
0	0	8	5	5	7	
0	0	8	0	4	0	
6	6	0	0	4	0	


10, 10, 0
20.0
2	2	6	6	7	0	
0	0	5	0	7	12	
0	8	5	1	1	12	
13	8	0	4	4	12	
13	0	0	9	3	3	
13	10	10	9	11	11	


10, 10, 0
20.0
2	2	7	0	0	0	
0	0	7	0	8	8	
5	9	1	1	4	10	
5	9	12	12	4	10	
0	0	11	0	3	3	
6	6	11	0	0	0	


10, 10, 0
20.0
0	2	2	5	5	0	
6	6	4	4	12	13	
11	14	1	1	12	13	
11	14	7	3	12	13	
11	14	7	3	8	8	
0	9	9	10	10	0	


5.0, 6.25, 8
13.65
2	2	5	5	6	0	
4	7	7	0	6	10	
4	0	0	1	1	10	
0	3	11	9	9	10	
0	3	11	0	0	0	
8	8	11	0	0	0	


6.666666666666666, 5.0, 6
13.466666666666665
2	10	10	0	0	0	
2	5	5	0	6	6	
1	1	0	0	0	0	
7	7	4	11	0	0	
9	9	4	11	3	8	
12	12	0	11	3	8	


8.333333333333334, 3.333333333333333, 6
13.466666666666669
2	2	4	0	0	0	
5	5	4	8	0	0	
9	1	1	8	0	0	
9	6	6	8	0	0	
9	3	3	0	0	0	
7	7	0	0	0	0	


10, 10, 0
20.0
0	0	2	5	5	0	
0	0	2	0	6	0	
0	4	1	1	6	0	
0	4	7	7	3	0	
0	8	8	0	3	0	
0	0	0	0	0	0	


6.25, 2.25, 40
20.5
2	0	0	0	9	9	
2	5	5	0	0	0	
1	1	4	6	0	0	
0	0	4	6	0	10	
0	0	7	3	3	10	
0	0	7	8	8	10	


7.5, 3.75, 8
13.65
2	2	3	0	0	0	
7	0	3	6	0	0	
7	1	1	6	0	0	
7	4	4	6	0	0	
0	0	0	0	0	0	
0	0	5	5	0	0	


5.542168674698795, 1.4457831325301205, 83
31.887951807228916
5	0	2	0	11	11	
5	0	2	12	6	6	
0	1	1	12	0	0	
3	4	0	12	7	7	
3	4	0	8	8	9	
0	0	10	10	0	9	


10, 10, 0
20.0
0	0	9	9	0	10	
0	0	2	5	5	10	
0	0	2	1	1	10	
0	0	6	4	7	7	
0	0	6	4	3	3	
0	0	8	8	0	0	


5.396825396825396, 1.5873015873015872, 63
25.884126984126983
0	7	2	0	6	6	
5	7	2	0	8	0	
5	0	1	1	8	0	
0	0	4	4	0	0	
0	10	10	0	9	0	
0	3	3	0	9	0	


6.309523809523809, 1.1904761904761905, 84
32.7
2	2	5	6	6	0	
4	4	5	0	7	12	
0	0	1	1	7	12	
13	0	11	11	0	12	
13	3	0	8	9	9	
13	3	0	8	10	10	


5.6000000000000005, 4.4, 25
17.5
6	2	0	10	10	0	
6	2	0	0	0	5	
0	1	1	7	12	5	
0	11	11	7	12	0	
8	0	4	0	12	9	
8	0	4	3	3	9	


10, 10, 0
20.0
2	5	5	9	0	0	
2	6	6	9	0	0	
1	1	4	9	0	10	
0	0	4	7	7	10	
0	0	3	0	0	10	
0	0	3	8	8	0	


7.0, 5.0, 10
15.0
0	10	10	2	0	0	
0	0	11	2	5	5	
1	1	11	0	0	0	
6	4	11	7	7	12	
6	4	0	9	9	12	
3	3	0	8	8	12	


8.75, 3.75, 24
19.7
11	11	2	0	12	0	
0	0	2	0	12	5	
1	1	0	0	12	5	
6	4	4	7	7	0	
6	3	3	8	0	9	
0	10	10	8	0	9	


8.0, 6.0, 5
15.5
9	0	2	0	10	10	
9	0	2	5	0	0	
9	1	1	5	0	0	
6	6	4	4	0	8	
0	0	0	0	0	8	
7	7	3	3	0	8	


5.0, 7.5, 8
14.9
0	2	2	0	9	9	
4	0	0	5	6	6	
4	1	1	5	0	0	
0	0	8	7	7	11	
3	3	8	0	0	11	
0	0	8	10	10	11	


10, 10, 0
20.0
2	2	10	6	7	7	
0	0	10	6	0	0	
1	1	10	0	0	0	
5	8	8	4	4	11	
5	0	0	9	0	11	
3	3	0	9	0	11	


10, 10, 0
20.0
0	2	11	0	5	5	
0	2	11	0	0	0	
1	1	11	0	0	0	
9	4	4	7	7	12	
9	3	3	8	6	12	
10	10	0	8	6	12	


10, 10, 0
20.0
2	0	0	11	11	0	
2	0	0	5	0	12	
1	1	0	5	6	12	
10	10	0	4	6	12	
0	0	7	4	3	3	
9	9	7	8	8	0	


10, 10, 0
20.0
0	0	10	2	2	11	
0	0	10	5	0	11	
1	1	10	5	0	11	
6	9	9	0	0	0	
6	4	4	7	3	0	
8	8	0	7	3	0	


10, 10, 0
20.0
10	11	11	0	2	2	
10	5	6	6	0	9	
10	5	1	1	0	9	
12	12	0	4	0	9	
0	0	7	4	3	3	
8	8	7	0	0	0	


6.969696969696971, 1.6666666666666665, 66
28.436363636363637
2	2	5	6	6	0	
4	4	5	0	11	12	
10	0	1	1	11	12	
10	0	13	13	11	12	
10	0	0	7	3	3	
0	8	8	7	9	9	


10, 10, 0
20.0
2	0	0	10	10	0	
2	5	5	6	0	0	
1	1	4	6	0	11	
0	0	4	7	7	11	
0	0	3	8	8	11	
0	0	3	9	9	0	


6.666666666666666, 6.666666666666666, 9
16.03333333333333
0	0	2	0	12	12	
0	0	2	5	0	0	
1	1	6	5	0	0	
4	4	6	7	7	11	
3	8	0	9	9	11	
3	8	10	10	0	11	


