1, 0.0, 10.0, 1, 91.0
2, 0.0, 10.0, 1, 91.0
3, 4.285714285714286, 7.142857142857143, 7, 71.28571428571429
4, 5.0, 5.0, 2, 47.0
5, 5.0, 5.0, 4, 49.0
6, 6.666666666666666, 7.777777777777778, 9, 79.0
7, 5.0, 5.0, 2, 47.0
8, 5.0, 5.0, 2, 47.0
9, 5.0, 8.333333333333334, 6, 81.0
10, 7.272727272727273, 5.454545454545454, 11, 60.090909090909086
11, 5.0, 7.5, 4, 71.5
12, 8.095238095238095, 3.333333333333333, 21, 51.0
13, 5.0, 5.0, 2, 47.0
14, 3.333333333333333, 6.666666666666666, 3, 62.99999999999999
15, 6.666666666666666, 5.0, 12, 57.0
16, 0.0, 10.0, 1, 91.0
17, 3.75, 6.25, 8, 64.25
18, 6.666666666666666, 5.0, 6, 51.0
19, 3.333333333333333, 6.666666666666666, 3, 62.99999999999999
20, 0.0, 10.0, 1, 91.0
21, 5.0, 5.0, 2, 47.0
22, 2.5, 7.5, 4, 71.5
23, 5.0, 5.0, 2, 47.0
24, 5.0, 5.0, 2, 47.0
25, 2.5, 7.5, 4, 71.5
26, 0.0, 10.0, 1, 91.0
27, 5.0, 6.0, 10, 64.0
28, 0.0, 10.0, 1, 91.0
29, 5.0, 5.0, 2, 47.0
30, 7.142857142857143, 5.7142857142857135, 7, 58.42857142857142
31, 2.5, 7.5, 4, 71.5
32, 4.285714285714286, 5.7142857142857135, 7, 58.42857142857142
33, 6.0, 5.0, 10, 55.0
34, 5.0, 7.5, 4, 71.5
35, 5.0, 5.0, 2, 47.0
36, 6.363636363636363, 4.545454545454545, 11, 51.90909090909091
37, 6.666666666666666, 5.0, 6, 51.0
38, 5.0, 5.0, 2, 47.0
39, 4.0, 8.0, 5, 77.0
40, 5.0, 5.0, 2, 47.0
41, 7.5, 5.0, 4, 49.0
42, 5.0, 5.0, 2, 47.0
43, 0.0, 10.0, 1, 91.0
44, 5.0, 5.0, 2, 47.0
45, 5.0, 5.0, 2, 47.0
46, 5.833333333333334, 5.0, 12, 57.0
47, 4.444444444444445, 6.666666666666666, 9, 69.0
48, 6.0, 4.0, 5, 41.0
49, 0.0, 10.0, 1, 91.0
50, 6.666666666666666, 6.666666666666666, 3, 62.99999999999999
