16.7
15	15	15	16	16	16	
0	13	0	0	0	3	
8	13	7	1	1	3	
8	13	7	4	12	12	
11	10	10	4	0	0	
11	0	0	0	5	5	

18.6
0	0	0	0	0	4	
0	14	14	14	0	4	
1	1	2	12	0	0	
0	0	2	12	0	0	
8	8	0	7	7	0	
0	0	0	0	0	0	

52.7
0	0	15	15	15	5	
0	0	3	0	0	5	
1	1	3	0	0	0	
0	6	6	0	13	2	
0	0	10	0	13	2	
9	9	10	0	13	0	

22.8
0	0	11	15	0	0	
0	0	11	15	3	3	
0	1	1	15	0	0	
0	0	0	0	10	10	
0	16	16	16	6	6	
0	0	0	0	7	7	

21.5
0	0	0	0	0	11	
0	14	14	14	13	11	
9	1	1	0	13	0	
9	4	4	0	13	0	
0	0	0	12	0	0	
7	7	0	12	3	3	

24.1
6	6	0	3	12	12	
0	0	16	3	0	0	
1	1	16	0	0	7	
2	2	16	9	0	7	
0	0	0	9	0	0	
5	5	0	0	0	0	

19.5
0	4	4	0	0	11	
0	0	0	0	16	11	
0	1	1	15	16	0	
0	6	0	15	16	14	
0	6	0	15	0	14	
0	0	0	0	0	14	

20.5
0	10	0	0	0	0	
0	10	0	12	12	0	
7	7	1	1	0	16	
3	0	8	8	0	16	
3	0	0	11	0	16	
0	0	0	11	4	4	

18.6
0	9	0	0	14	0	
7	9	0	0	14	0	
7	0	1	1	14	0	
8	8	0	4	4	10	
6	0	0	0	0	10	
6	0	0	0	0	0	

17.6
0	3	6	4	0	0	
0	3	6	4	0	0	
1	1	0	0	0	0	
0	12	12	0	10	7	
0	14	14	14	10	7	
0	0	8	8	9	9	

18.9
0	0	0	0	0	0	
0	7	7	0	16	0	
0	1	1	0	16	0	
0	13	9	0	16	0	
0	13	9	0	0	0	
0	13	6	6	0	0	

23.1
14	14	14	0	4	4	
0	7	7	0	0	13	
0	1	1	0	9	13	
0	0	0	0	9	13	
10	10	0	8	8	0	
3	3	0	6	6	0	

22.1
0	0	0	0	13	0	
5	5	9	9	13	7	
0	0	1	1	13	7	
0	0	11	11	0	0	
0	2	2	0	0	0	
0	0	8	8	0	0	

24.1
0	0	0	0	16	0	
0	2	2	0	16	0	
11	0	1	1	16	0	
11	0	6	6	0	13	
0	0	7	7	0	13	
0	0	5	5	0	13	

17.6
0	11	11	0	0	0	
0	0	0	0	0	8	
0	1	1	15	0	8	
0	0	2	15	12	12	
0	0	2	15	0	0	
10	10	0	3	3	0	

17.2
0	13	13	13	0	0	
0	0	3	3	6	16	
0	14	1	1	6	16	
0	14	0	0	0	16	
0	14	0	7	7	0	
0	0	0	0	0	0	

17.3
0	0	0	6	0	0	
0	0	0	6	0	0	
0	1	1	0	15	0	
14	4	7	8	15	0	
14	4	7	8	15	0	
14	0	13	13	13	0	

26.4
0	0	0	12	12	0	
0	15	15	15	0	0	
1	1	4	0	0	0	
11	0	4	0	2	2	
11	6	6	8	0	0	
0	5	5	8	3	3	

17.9
0	0	0	0	7	0	
9	4	0	0	7	16	
9	4	1	1	0	16	
2	2	6	3	3	16	
0	0	6	0	11	11	
0	0	0	0	0	0	

20.5
3	3	8	8	12	0	
0	0	14	15	12	0	
1	1	14	15	0	0	
0	0	14	15	0	0	
4	4	0	6	6	0	
0	0	0	0	10	10	

24.8
3	0	0	15	15	15	
3	0	4	0	0	0	
1	1	4	2	0	0	
0	10	10	2	0	16	
0	11	11	0	9	16	
0	0	0	0	9	16	

24.1
0	0	2	2	0	0	
0	0	10	10	0	4	
0	0	1	1	6	4	
0	0	12	0	6	0	
9	9	12	15	15	15	
0	0	0	0	0	0	

15.3
0	4	0	6	6	0	
0	4	0	12	2	2	
0	1	1	12	0	0	
7	0	0	11	11	0	
7	16	16	16	0	0	
0	0	0	0	9	9	

17.9
0	3	8	8	0	0	
0	3	2	2	0	14	
0	1	1	0	0	14	
15	0	0	6	6	14	
15	0	0	0	0	0	
15	0	12	12	0	0	

0.0
15	15	15	14	0	0	
0	0	0	14	9	0	
1	1	0	14	9	0	
3	3	4	4	0	8	
0	10	10	0	0	8	
0	0	0	0	0	0	

25.3
5	5	0	11	9	9	
8	8	0	11	0	3	
0	0	1	1	6	3	
0	10	10	0	6	0	
0	7	7	0	12	12	
0	0	0	0	0	0	

22.5
0	5	5	0	0	0	
0	0	14	8	8	0	
1	1	14	0	10	0	
0	0	14	0	10	3	
0	0	0	11	11	3	
0	0	0	0	0	0	

15.0
0	0	14	14	14	0	
0	0	0	0	2	0	
7	5	1	1	2	0	
7	5	0	0	8	11	
0	0	0	4	8	11	
6	6	0	4	0	0	

18.8
0	0	14	14	14	0	
0	0	0	0	0	15	
0	1	1	0	0	15	
0	2	0	0	0	15	
0	2	0	12	12	0	
3	3	0	0	8	8	

16.3
0	0	5	5	3	3	
0	0	0	0	16	0	
8	0	1	1	16	0	
8	13	13	13	16	0	
0	0	14	14	14	0	
0	7	7	0	0	0	

17.2
0	0	9	4	4	3	
7	7	9	0	0	3	
1	1	0	0	2	0	
0	0	0	0	2	15	
0	6	8	0	0	15	
0	6	8	0	0	15	

19.9
0	8	15	15	15	0	
0	8	0	0	0	0	
1	1	0	0	2	0	
7	7	11	13	2	6	
0	0	11	13	0	6	
10	10	0	13	0	0	

18.9
0	0	0	0	0	4	
12	12	15	0	0	4	
1	1	15	0	0	0	
0	0	15	5	5	0	
10	10	0	0	0	8	
0	0	0	0	0	8	

30.3
0	8	15	0	0	0	
0	8	15	6	11	9	
1	1	15	6	11	9	
3	3	0	16	0	0	
0	0	0	16	2	2	
0	4	4	16	0	0	

19.7
0	0	0	9	9	0	
4	4	0	13	5	5	
0	1	1	13	15	0	
0	0	0	13	15	0	
14	14	14	0	15	0	
0	0	0	0	0	0	

15.0
0	9	12	12	8	8	
0	9	0	0	7	7	
1	1	11	0	0	0	
0	0	11	10	0	15	
6	0	0	10	0	15	
6	0	0	0	0	15	

15.6
0	0	0	0	0	0	
9	0	11	11	0	14	
9	0	0	1	1	14	
3	8	7	7	15	14	
3	8	0	0	15	0	
0	0	0	0	15	0	

20.2
0	0	0	0	0	0	
0	14	14	14	0	0	
1	1	0	0	4	0	
0	0	8	0	4	2	
0	0	8	3	3	2	
0	7	7	0	0	0	

15.3
13	13	13	0	0	12	
0	0	2	2	0	12	
1	1	0	0	0	0	
0	0	5	16	7	0	
4	0	5	16	7	0	
4	0	0	16	0	0	

15.0
0	2	0	9	9	12	
0	2	11	0	0	12	
1	1	11	0	0	0	
0	0	0	0	0	8	
5	7	7	6	6	8	
5	0	0	0	10	10	

15.3
0	0	12	11	10	10	
0	0	12	11	0	0	
1	1	0	0	13	3	
0	5	5	0	13	3	
4	0	0	0	13	0	
4	0	0	0	0	0	

18.9
0	0	9	11	3	3	
0	0	9	11	0	0	
1	1	0	0	8	0	
0	13	13	13	8	0	
0	0	16	16	16	0	
0	7	7	0	0	0	

21.2
0	14	14	14	3	0	
0	0	0	0	3	4	
0	11	1	1	16	4	
0	11	9	0	16	0	
0	0	9	0	16	0	
0	0	0	13	13	13	

18.5
0	0	0	0	15	0	
6	6	0	0	15	13	
0	1	1	0	15	13	
0	14	14	14	0	13	
7	7	9	3	0	0	
0	0	9	3	0	0	

16.6
14	14	14	8	0	0	
13	13	13	8	16	0	
0	0	1	1	16	0	
5	0	3	3	16	0	
5	0	0	9	9	0	
0	7	7	0	0	0	

15.3
7	7	0	0	4	0	
0	0	5	0	4	0	
1	1	5	0	13	15	
0	14	0	0	13	15	
0	14	9	0	13	15	
0	14	9	0	0	0	

0.0
0	0	0	0	14	0	
0	4	4	0	14	0	
1	1	0	0	14	0	
0	11	11	0	0	0	
0	2	0	15	15	15	
0	2	0	0	0	0	

15.0
0	14	14	14	0	0	
0	5	5	0	0	13	
8	8	0	1	1	13	
0	12	12	0	0	13	
0	0	0	4	4	0	
0	10	10	0	0	0	

31.1
0	0	0	0	0	0	
0	0	0	15	9	0	
0	1	1	15	9	0	
0	12	12	15	0	6	
16	16	16	0	0	6	
13	13	13	3	3	0	

17.6
10	10	0	5	5	0	
0	0	2	0	0	14	
1	1	2	0	0	14	
0	0	0	0	0	14	
0	0	0	15	15	15	
0	0	0	0	0	0	

23.1
0	0	0	10	10	0	
0	0	0	13	9	0	
0	1	1	13	9	0	
0	0	8	13	0	4	
3	3	8	0	12	4	
0	2	2	0	12	0	

17.6
0	0	0	9	8	8	
0	0	0	9	7	0	
14	0	1	1	7	0	
14	0	0	10	10	0	
14	3	4	4	0	0	
0	3	0	0	0	0	

16.9
0	10	10	0	0	0	
0	11	11	0	2	0	
0	1	1	13	2	0	
0	16	0	13	9	0	
0	16	0	13	9	0	
0	16	0	7	7	0	

31.0
0	0	0	15	0	0	
0	0	0	15	3	3	
0	1	1	15	0	0	
11	11	0	9	9	0	
0	0	8	0	0	0	
0	0	8	13	13	13	

36.6
0	0	15	0	0	0	
0	0	15	8	5	5	
1	1	15	8	0	0	
0	12	12	0	4	10	
0	9	9	0	4	10	
0	0	16	16	16	0	

15.3
5	0	0	0	0	0	
5	0	11	11	10	0	
0	1	1	0	10	0	
0	4	0	0	0	0	
0	4	0	9	9	0	
0	15	15	15	0	0	

15.8
0	0	0	0	0	0	
2	12	12	0	4	13	
2	0	1	1	4	13	
0	0	14	0	0	13	
0	0	14	5	5	0	
0	0	14	8	8	0	

26.7
0	4	0	9	2	0	
0	4	16	9	2	15	
1	1	16	0	0	15	
0	10	16	5	0	15	
0	10	0	5	0	0	
0	0	0	8	8	0	

21.5
0	0	0	3	3	0	
0	0	0	0	8	0	
0	1	1	0	8	0	
0	16	16	16	0	2	
11	11	0	5	5	2	
0	14	14	14	0	0	

17.3
0	0	0	0	3	14	
0	0	0	0	3	14	
0	10	10	1	1	14	
0	11	11	0	7	7	
15	15	15	0	0	0	
0	0	0	12	12	0	

25.4
7	7	0	12	9	9	
6	0	0	12	0	0	
6	0	1	1	13	10	
0	14	14	14	13	10	
0	11	11	0	13	0	
0	0	15	15	15	0	

16.3
12	0	10	10	0	0	
12	0	0	0	2	4	
0	1	1	0	2	4	
0	3	3	14	0	0	
0	0	11	14	0	5	
8	8	11	14	0	5	

17.9
0	0	12	0	8	8	
0	0	12	13	0	0	
0	1	1	13	0	0	
9	2	0	13	0	0	
9	2	0	0	0	0	
0	16	16	16	0	0	

17.9
0	10	10	0	0	0	
0	0	0	12	12	0	
0	1	1	16	0	0	
3	0	0	16	13	8	
3	0	0	16	13	8	
0	9	9	0	13	0	

18.2
7	7	0	2	2	0	
12	12	6	6	3	0	
0	1	1	0	3	0	
15	0	11	11	4	4	
15	0	8	8	0	0	
15	0	0	0	0	0	

15.0
0	6	4	0	7	2	
0	6	4	0	7	2	
1	1	0	0	0	0	
0	0	0	11	14	0	
0	0	0	11	14	12	
13	13	13	0	14	12	

20.5
0	0	0	12	16	0	
0	5	0	12	16	4	
0	5	1	1	16	4	
14	14	14	0	0	0	
0	0	15	15	15	0	
0	0	0	0	0	0	

30.9
0	6	6	0	13	0	
0	0	0	0	13	0	
8	1	1	0	13	0	
8	0	0	9	9	0	
0	0	0	4	4	0	
0	0	10	10	0	0	

27.8
10	10	0	4	0	2	
0	0	3	4	11	2	
1	1	3	9	11	0	
0	0	0	9	0	16	
0	0	5	5	0	16	
8	8	0	0	0	16	

17.6
0	9	9	6	6	0	
4	0	16	16	16	0	
4	5	1	1	10	0	
0	5	0	0	10	0	
0	0	0	11	11	0	
0	0	0	3	3	0	

27.9
0	0	0	10	10	7	
0	0	15	0	0	7	
1	1	15	0	16	0	
2	2	15	0	16	0	
0	6	6	0	16	0	
0	5	5	0	0	0	

15.6
0	0	6	3	0	0	
0	0	6	3	4	16	
0	1	1	0	4	16	
12	12	0	0	0	16	
0	0	14	14	14	0	
8	8	0	0	0	0	

16.0
0	3	3	0	10	13	
0	0	0	0	10	13	
0	0	0	1	1	13	
9	0	6	7	7	0	
9	0	6	0	0	0	
0	8	8	0	5	5	

31.2
0	16	16	16	14	13	
0	3	3	0	14	13	
0	1	1	0	14	13	
0	0	0	0	0	0	
6	6	0	7	7	0	
0	0	0	0	0	0	

15.9
16	16	16	0	8	0	
0	0	0	0	8	0	
1	1	0	0	7	0	
0	11	14	3	7	15	
0	11	14	3	0	15	
4	4	14	0	0	15	

22.8
0	0	0	0	0	0	
9	9	0	0	0	0	
1	1	0	15	0	0	
8	6	7	15	0	0	
8	6	7	15	0	0	
0	0	0	10	10	0	

30.2
0	0	0	0	0	0	
5	5	13	4	0	0	
1	1	13	4	6	0	
10	0	13	0	6	12	
10	0	7	7	0	12	
0	0	0	0	0	0	

15.6
0	0	0	0	0	10	
0	0	0	0	14	10	
0	1	1	0	14	0	
2	0	0	4	14	13	
2	0	0	4	0	13	
0	0	15	15	15	13	

21.8
3	3	0	0	0	0	
0	0	10	8	0	16	
1	1	10	8	0	16	
0	0	0	0	0	16	
12	4	4	6	6	0	
12	0	9	9	0	0	

28.7
12	0	0	0	0	6	
12	4	4	0	16	6	
1	1	7	0	16	13	
15	0	7	0	16	13	
15	0	0	0	0	13	
15	0	0	5	5	0	

17.3
0	15	0	0	0	14	
0	15	16	16	16	14	
0	15	0	1	1	14	
9	0	2	12	12	0	
9	6	2	13	13	13	
0	6	0	0	0	0	

0.0
0	0	0	0	0	0	
0	0	3	3	0	0	
1	1	0	0	16	9	
0	0	0	0	16	9	
0	0	7	5	16	0	
4	4	7	5	6	6	

24.1
6	6	2	0	16	0	
0	0	2	0	16	0	
1	1	0	0	16	8	
0	0	0	0	0	8	
3	3	0	4	4	0	
0	0	14	14	14	0	

16.6
7	7	10	0	14	0	
12	0	10	0	14	0	
12	0	1	1	14	0	
0	8	8	0	0	11	
0	0	9	9	0	11	
0	0	0	0	0	0	

24.1
0	0	0	0	0	0	
0	0	0	0	0	16	
1	1	13	0	14	16	
4	0	13	5	14	16	
4	0	13	5	14	0	
0	0	0	0	0	0	

18.5
0	0	0	0	7	0	
0	0	14	0	7	0	
1	1	14	0	0	0	
0	0	14	8	8	0	
12	12	0	0	0	0	
0	0	0	4	4	0	

17.2
0	0	13	13	13	7	
0	10	4	4	0	7	
11	10	1	1	15	0	
11	0	0	0	15	0	
0	0	0	0	15	0	
0	0	0	8	8	0	

30.2
0	12	0	0	13	0	
0	12	10	10	13	9	
0	1	1	0	13	9	
0	2	2	3	3	0	
0	5	5	11	0	0	
0	0	0	11	0	0	

24.7
0	3	0	4	4	0	
0	3	14	0	6	0	
1	1	14	16	6	0	
0	0	14	16	0	0	
12	12	0	16	7	7	
11	11	0	0	0	0	

16.0
14	0	5	13	13	13	
14	0	5	0	0	12	
14	0	0	1	1	12	
0	0	0	0	7	7	
0	9	9	0	0	8	
0	16	16	16	0	8	

18.5
3	3	12	10	2	0	
0	0	12	10	2	0	
1	1	0	0	0	0	
5	0	0	4	0	13	
5	0	8	4	11	13	
0	0	8	0	11	13	

19.2
0	10	10	0	0	7	
0	9	9	0	14	7	
1	1	0	0	14	0	
0	0	15	0	14	0	
6	0	15	2	0	0	
6	0	15	2	0	0	

22.5
0	10	10	0	0	15	
14	14	14	0	0	15	
7	7	0	1	1	15	
0	0	0	5	5	0	
0	9	9	0	2	2	
0	0	0	4	4	0	

25.1
4	14	14	14	0	0	
4	0	10	9	0	0	
1	1	10	9	0	0	
15	0	0	0	5	5	
15	0	0	16	16	16	
15	0	0	0	0	0	

19.2
0	0	9	0	0	0	
0	0	9	15	12	12	
1	1	0	15	0	0	
0	0	0	15	0	0	
0	0	0	0	0	0	
13	13	13	0	8	8	

32.4
0	0	0	12	0	0	
5	5	16	12	0	0	
1	1	16	0	0	13	
0	0	16	6	15	13	
0	3	3	6	15	13	
0	4	4	0	15	0	

18.6
13	13	13	0	0	0	
0	0	0	0	5	5	
1	1	10	7	0	0	
0	0	10	7	0	0	
6	6	0	8	0	0	
0	0	0	8	12	12	

19.9
8	0	12	12	0	0	
8	0	0	0	5	0	
1	1	6	0	5	0	
0	16	6	0	0	0	
4	16	0	13	13	13	
4	16	0	14	14	14	

17.3
0	0	0	0	8	0	
0	5	5	0	8	0	
12	0	1	1	13	0	
12	7	2	2	13	10	
0	7	0	0	13	10	
0	0	0	9	9	0	

15.0
0	0	10	12	12	9	
0	0	10	8	8	9	
1	1	0	0	0	3	
7	0	5	5	0	3	
7	0	16	16	16	0	
0	0	15	15	15	0	

17.5
11	11	0	9	9	0	
0	14	14	14	3	0	
0	0	1	1	3	0	
13	0	0	0	0	0	
13	5	0	0	6	2	
13	5	10	10	6	2	

23.8
11	0	0	0	2	0	
11	0	15	6	2	10	
1	1	15	6	0	10	
0	0	15	0	0	0	
12	12	0	13	13	13	
4	4	0	0	3	3	

20.4
0	4	4	0	7	0	
0	0	0	0	7	0	
1	1	8	0	0	0	
0	0	8	13	0	14	
2	10	0	13	9	14	
2	10	0	13	9	14	

16.3
4	9	0	8	8	0	
4	9	0	0	0	5	
1	1	15	0	0	5	
12	0	15	6	6	0	
12	0	15	0	0	0	
3	3	0	0	0	0	

0.0
0	0	0	0	16	0	
0	0	0	0	16	0	
15	0	1	1	16	0	
15	0	0	9	0	0	
15	0	0	9	2	2	
0	0	0	0	0	0	

16.9
0	0	0	0	0	0	
0	0	3	3	15	0	
0	1	1	0	15	0	
0	7	0	14	15	4	
0	7	11	14	0	4	
0	0	11	14	0	0	

16.0
0	0	0	0	3	6	
12	12	13	0	3	6	
1	1	13	0	0	0	
0	0	13	0	0	0	
11	11	0	5	9	0	
0	0	0	5	9	0	

0.0
0	0	13	0	0	0	
0	0	13	0	7	7	
1	1	13	0	5	14	
0	15	15	15	5	14	
4	9	0	0	0	14	
4	9	0	0	0	0	

33.1
0	5	15	15	15	0	
0	5	0	0	14	2	
0	1	1	0	14	2	
0	0	0	0	14	0	
0	0	0	12	12	0	
7	7	0	10	10	0	

40.5
11	11	13	0	8	0	
7	7	13	0	8	0	
1	1	13	0	0	4	
6	6	0	2	2	4	
0	0	14	14	14	0	
0	0	0	0	0	0	

21.2
6	0	10	10	0	3	
6	0	0	0	0	3	
1	1	8	5	0	0	
2	2	8	5	12	12	
0	0	0	7	7	0	
0	0	14	14	14	0	

15.6
0	6	6	0	0	0	
0	2	2	0	0	13	
0	0	0	1	1	13	
0	14	12	12	0	13	
11	14	0	3	3	0	
11	14	0	0	0	0	

21.5
0	3	12	12	0	0	
0	3	0	0	16	0	
2	2	1	1	16	0	
0	0	0	0	16	0	
7	0	13	13	13	0	
7	0	0	6	6	0	

16.6
0	0	0	0	0	8	
12	12	13	0	0	8	
1	1	13	0	16	0	
0	0	13	0	16	10	
0	0	0	4	16	10	
0	0	0	4	0	0	

22.8
0	8	0	0	0	0	
0	8	5	0	16	6	
1	1	5	0	16	6	
0	0	0	2	16	0	
15	15	15	2	0	0	
0	0	0	0	0	0	

15.3
2	0	0	0	0	8	
2	0	13	0	0	8	
1	1	13	9	0	0	
7	0	13	9	11	11	
7	0	0	0	0	0	
0	0	0	15	15	15	

15.3
3	3	0	5	7	2	
0	9	9	5	7	2	
0	1	1	0	0	0	
11	0	0	10	8	15	
11	0	0	10	8	15	
4	4	0	0	0	15	

