0.0, 10.0, 1
91.0
0	13	13	13	8	8	
0	6	6	0	0	0	
0	0	0	0	1	1	
0	0	9	0	16	14	
11	11	9	12	16	14	
0	0	0	12	16	14	


0.0, 10.0, 1
91.0
0	7	0	3	0	0	
0	7	0	3	0	0	
0	0	0	0	1	1	
0	11	11	9	5	5	
0	0	0	9	8	8	
0	0	0	0	0	0	


4.285714285714286, 7.142857142857143, 7
71.28571428571429
7	15	15	15	4	0	
7	16	16	16	4	0	
0	0	1	1	0	14	
0	11	0	0	0	14	
0	11	0	0	0	14	
0	5	5	9	9	0	


5.0, 5.0, 2
47.0
0	0	0	0	0	0	
0	14	0	0	0	0	
3	14	0	1	1	0	
3	14	0	0	0	0	
0	0	0	9	9	0	
0	12	12	0	0	0	


5.0, 5.0, 4
49.0
0	0	0	0	9	0	
13	13	13	0	9	7	
11	0	0	1	1	7	
11	0	14	14	14	0	
4	4	0	0	6	0	
10	10	0	0	6	0	


6.666666666666666, 7.777777777777778, 9
79.0
15	15	15	16	16	16	
0	13	7	0	0	3	
8	13	7	1	1	3	
8	13	0	4	12	12	
11	10	10	4	0	0	
11	0	0	0	5	5	


5.0, 5.0, 2
47.0
12	12	0	0	0	0	
0	5	7	7	0	0	
0	5	0	1	1	0	
9	0	2	2	0	10	
9	0	0	4	0	10	
0	0	0	4	0	0	


5.0, 5.0, 2
47.0
0	0	0	6	6	0	
0	0	13	13	13	0	
0	0	0	1	1	0	
0	3	8	0	0	16	
0	3	8	0	0	16	
0	0	14	14	14	16	


5.0, 8.333333333333334, 6
81.0
8	4	0	0	0	0	
8	4	0	13	13	13	
6	11	1	1	2	0	
6	11	10	10	2	0	
0	16	16	16	0	12	
0	14	14	14	0	12	


7.272727272727273, 5.454545454545454, 11
60.090909090909086
0	0	0	0	0	4	
0	14	14	14	0	4	
1	1	2	12	0	0	
0	0	2	12	0	0	
8	8	0	7	7	0	
0	0	0	0	0	0	


5.0, 7.5, 4
71.5
0	0	0	4	4	12	
0	0	0	0	0	12	
2	2	0	1	1	0	
0	0	0	6	6	0	
0	0	13	13	13	3	
14	14	14	0	0	3	


8.095238095238095, 3.333333333333333, 21
51.0
0	0	15	15	15	5	
0	0	3	0	0	5	
1	1	3	0	0	0	
6	6	10	0	13	2	
0	0	10	0	13	2	
9	9	0	0	13	0	


5.0, 5.0, 2
47.0
9	0	5	0	0	0	
9	0	5	0	11	11	
12	12	0	1	1	0	
0	16	0	0	8	0	
0	16	0	0	8	0	
0	16	0	0	6	6	


3.333333333333333, 6.666666666666666, 3
62.99999999999999
0	3	3	0	0	0	
8	6	0	5	5	0	
8	6	0	1	1	0	
2	2	0	0	0	13	
0	0	0	0	0	13	
9	9	11	11	0	13	


6.666666666666666, 5.0, 12
57.0
0	0	0	15	0	0	
0	0	11	15	3	3	
1	1	11	15	0	0	
0	0	0	0	10	10	
0	16	16	16	6	6	
0	0	0	0	7	7	


0.0, 10.0, 1
91.0
4	4	10	10	0	0	
0	9	9	7	7	0	
0	0	0	0	1	1	
0	0	13	5	5	0	
8	0	13	3	0	0	
8	0	13	3	0	0	


3.75, 6.25, 8
64.25
0	15	15	15	2	8	
14	14	14	0	2	8	
0	1	1	0	0	0	
0	5	5	0	0	0	
0	0	16	16	16	0	
0	0	0	0	0	0	


6.666666666666666, 5.0, 6
51.0
0	0	7	7	8	8	
0	0	0	9	9	0	
1	1	0	0	0	0	
0	0	3	2	0	0	
0	0	3	2	0	0	
0	0	0	0	10	10	


3.333333333333333, 6.666666666666666, 3
62.99999999999999
14	14	14	0	3	12	
0	9	6	6	3	12	
0	9	0	1	1	0	
0	0	5	0	0	0	
0	7	5	16	16	16	
0	7	15	15	15	0	


0.0, 10.0, 1
91.0
0	0	14	0	0	0	
12	12	14	0	9	9	
0	0	14	0	1	1	
0	0	0	0	0	13	
4	0	0	5	0	13	
4	11	11	5	0	13	


5.0, 5.0, 2
47.0
0	0	0	16	16	16	
0	9	0	0	0	0	
0	9	0	1	1	0	
0	14	8	0	13	0	
0	14	8	0	13	0	
0	14	3	3	13	0	


2.5, 7.5, 4
71.5
4	4	12	12	0	8	
0	0	11	11	0	8	
0	0	0	1	1	0	
0	15	15	15	0	0	
0	0	5	9	9	0	
2	2	5	0	0	0	


5.0, 5.0, 2
47.0
0	10	0	3	3	0	
0	10	0	4	4	0	
0	0	0	1	1	0	
16	0	0	0	2	0	
16	8	8	0	2	7	
16	11	11	0	0	7	


5.0, 5.0, 2
47.0
8	8	0	4	6	0	
0	0	0	4	6	0	
0	12	0	1	1	0	
0	12	0	0	11	0	
0	0	0	0	11	5	
0	0	0	0	0	5	


2.5, 7.5, 4
71.5
0	0	0	14	14	14	
0	15	7	7	0	0	
0	15	0	1	1	0	
2	15	16	16	16	4	
2	0	11	0	8	4	
0	0	11	0	8	0	


0.0, 10.0, 1
91.0
0	0	10	10	0	0	
0	0	0	0	0	0	
8	3	3	0	1	1	
8	0	0	4	4	0	
0	0	0	2	2	0	
0	9	9	0	0	0	


5.0, 6.0, 10
64.0
0	3	3	7	7	0	
0	10	10	0	0	9	
4	4	0	1	1	9	
0	8	8	0	0	0	
2	2	5	5	0	11	
0	0	0	0	0	11	


0.0, 10.0, 1
91.0
9	0	0	2	2	0	
9	0	0	0	0	0	
5	5	0	0	1	1	
0	0	8	8	7	7	
0	0	0	3	0	6	
16	16	16	3	0	6	


5.0, 5.0, 2
47.0
0	4	2	2	7	7	
15	4	0	0	0	0	
15	0	0	1	1	0	
15	0	0	12	12	0	
0	0	0	0	8	8	
0	0	0	0	11	11	


7.142857142857143, 5.7142857142857135, 7
58.42857142857142
0	0	0	8	8	0	
0	0	3	0	0	0	
1	1	3	0	0	0	
13	13	13	0	7	7	
11	11	0	4	4	0	
0	0	2	2	0	0	


2.5, 7.5, 4
71.5
0	0	0	7	7	0	
0	0	0	10	10	0	
13	0	0	1	1	0	
13	0	0	0	9	14	
13	2	2	0	9	14	
0	0	0	0	0	14	


4.285714285714286, 5.7142857142857135, 7
58.42857142857142
0	0	0	0	0	0	
0	0	12	12	0	16	
0	0	0	1	1	16	
3	3	0	7	0	16	
10	4	4	7	0	0	
10	0	14	14	14	0	


6.0, 5.0, 10
55.0
0	0	12	12	0	0	
0	6	6	0	0	4	
1	1	9	0	0	4	
0	0	9	0	0	0	
0	0	0	0	3	2	
0	15	15	15	3	2	


5.0, 7.5, 4
71.5
0	0	0	0	0	0	
9	12	0	0	10	10	
9	12	1	1	0	0	
13	11	0	0	4	0	
13	11	0	0	4	8	
13	6	6	0	0	8	


5.0, 5.0, 2
47.0
0	0	0	9	9	0	
0	0	0	0	0	0	
3	3	0	1	1	0	
10	0	0	0	0	0	
10	0	0	0	12	12	
0	0	0	0	0	0	


6.363636363636363, 4.545454545454545, 11
51.90909090909091
2	2	0	0	0	0	
10	10	9	0	0	13	
1	1	9	0	0	13	
4	4	0	11	14	13	
0	0	0	11	14	0	
0	0	0	0	14	0	


6.666666666666666, 5.0, 6
51.0
0	0	15	15	15	0	
0	0	0	0	0	11	
0	1	1	0	0	11	
12	12	10	10	2	2	
0	5	5	3	0	0	
0	0	0	3	0	0	


5.0, 5.0, 2
47.0
0	16	16	16	0	0	
0	0	0	0	10	10	
3	13	0	1	1	0	
3	13	0	0	0	0	
0	13	0	14	14	14	
0	0	5	5	0	0	


4.0, 8.0, 5
77.0
0	14	14	14	12	0	
10	0	0	0	12	0	
10	0	0	1	1	3	
0	7	0	0	0	3	
0	7	0	8	8	0	
6	6	0	13	13	13	


5.0, 5.0, 2
47.0
0	0	0	0	8	8	
11	0	0	0	0	0	
11	0	0	1	1	0	
0	2	2	13	13	13	
0	0	0	4	4	0	
10	10	14	14	14	0	


7.5, 5.0, 4
49.0
0	0	0	0	0	2	
0	5	5	0	0	2	
0	13	1	1	0	0	
0	13	11	0	8	15	
0	13	11	0	8	15	
0	0	0	0	0	15	


5.0, 5.0, 2
47.0
0	0	0	16	16	16	
0	2	2	0	0	0	
14	0	0	1	1	0	
14	10	5	5	13	0	
14	10	4	4	13	0	
0	0	0	0	13	0	


0.0, 10.0, 1
91.0
9	9	0	12	12	0	
0	13	11	11	0	0	
0	13	0	0	1	1	
3	13	7	7	0	0	
3	2	2	0	0	0	
0	0	0	0	0	0	


5.0, 5.0, 2
47.0
7	14	0	2	0	0	
7	14	0	2	0	0	
0	14	0	1	1	0	
0	0	0	8	8	0	
0	10	0	0	3	3	
0	10	0	0	0	0	


5.0, 5.0, 2
47.0
0	15	8	8	0	0	
0	15	0	13	13	13	
0	15	0	1	1	0	
5	5	12	12	0	0	
4	3	0	0	0	7	
4	3	2	2	0	7	


5.833333333333334, 5.0, 12
57.0
0	0	5	5	0	0	
0	6	6	0	0	16	
0	9	9	1	1	16	
7	0	0	0	0	16	
7	15	15	15	0	0	
0	0	0	2	2	0	


4.444444444444445, 6.666666666666666, 9
69.0
9	9	6	12	8	3	
0	0	6	12	8	3	
1	1	0	0	0	0	
14	14	14	0	10	13	
4	7	0	0	10	13	
4	7	0	0	0	13	


6.0, 4.0, 5
41.0
0	14	14	14	0	0	
0	9	9	13	13	13	
0	1	1	0	0	0	
0	8	8	3	0	0	
5	0	11	3	0	0	
5	0	11	0	0	0	


0.0, 10.0, 1
91.0
0	0	0	0	0	0	
0	0	9	9	0	0	
0	12	12	0	1	1	
2	6	6	0	4	4	
2	8	8	0	0	0	
0	16	16	16	0	0	


6.666666666666666, 6.666666666666666, 3
62.99999999999999
0	15	0	0	11	11	
9	15	0	0	0	0	
9	15	1	1	0	0	
0	12	6	6	8	4	
0	12	0	2	8	4	
0	0	0	2	0	0	


